"chromosome"	"start.pos"	"end.pos"	"Bf"	"N.BAF"	"sd.BAF"	"depth.ratio"	"N.ratio"	"sd.ratio"	"CNt"	"A"	"B"	"LPP"
"5"	14676	7278276	0.361839836864453	8557	0.108340122406747	0.966143836065308	115485	0.298922846947154	2	2	0	-6.75839635024104
"5"	7281674	7296463	0.147863747525142	29	0.121089288393098	0.978465742699144	236	0.357691326775799	14	14	0	-6.79236706119964
"5"	7296542	20946736	0.375633428447741	9831	0.0937871017936459	0.997175785309943	214375	0.275368453337837	2	2	0	-6.74873989010466
"5"	21051700	21522065	0.26044717938107	119	0.136952743084922	1.02178744818372	7282	0.330883740246574	4	4	0	-6.88015608150578
"5"	21523372	21718946	0.421030509123376	947	0.0670321539710434	0.946613437196763	4092	0.219720918340513	2	1	1	-6.82359019661631
"5"	21719254	32058115	0.381837843745907	6960	0.0906598734451627	0.997787397339063	162427	0.259505661575662	2	1	1	-6.75521819957626
"5"	32058850	32410515	0.103866961498345	9	0.152773616104934	1.07349290336599	5272	0.30657452604722	7	7	0	-7.48546059147336
"5"	32455521	46045467	0.368554457653623	11173	0.0940010479911442	1.0067070958724	217554	0.274442742737352	2	2	0	-6.77087323126688
"5"	46047180	46322301	0.335686461159521	321	0.115255602103322	1.00505967524557	6491	0.364636159448672	3	3	0	-6.74460069826608
"5"	46322908	46395853	0.22222792508454	192	0.133990816217812	1.20908350286428	6301	0.945432019687126	8	8	0	-6.73870276186805
"5"	49405756	49445407	0.285337180169563	198	0.144706558697356	1.58436219896458	2996	9.40352377697582	19	15	4	-6.73331111137394
"5"	49460666	50406941	0.184056699887844	118	0.146730765101275	0.884648200270847	17329	0.272970574516847	2	2	0	-7.62661033386681
"5"	50446630	59997063	0.404713171649426	5719	0.085557916043858	0.855534587415431	143788	0.225936381671107	1	1	0	-6.77905953179118
