chromosome	position	GC.percent	good.reads	adjusted.ratio	F	mutation	CNn	CNt	Mt	LPP
5	722329	30	46	1.01472990786536	0.109	C>T	2	2	2	-10.7357370762711
5	727985	32	48	1.01472990786536	0.104	T>G	2	2	1	-10.4243573014887
5	728069	32	52	1.01472990786536	0.269	G>A	2	2	2	-15.1606037967169
5	1333702	50	85	1.01472990786536	0.129	T>C	2	2	2	-10.2888220100865
5	1333742	50	59	1.01472990786536	0.102	A>G	2	2	1	-10.4243573014887
5	1588920	44	40	1.01472990786536	0.2	C>T	2	2	2	-11.2007495254583
5	1611565	29	44	1.01472990786536	0.182	T>C	2	2	2	-10.5925445638984
5	1611567	29	43	1.01472990786536	0.186	T>C	2	2	2	-10.8648653511887
5	3323779	45	49	1.01472990786536	0.122	G>A	2	2	2	-10.4666084117151
5	3323861	49	87	1.01472990786536	0.103	G>A	2	2	1	-10.4243573014887
5	3323882	49	91	1.01472990786536	0.121	G>A	2	2	2	-10.4666084117151
5	3324014	50	57	1.01472990786536	0.14	G>A	2	2	2	-10.1965722764353
5	3324220	48	123	1.01472990786536	0.106	G>A	2	2	2	-10.7357370762711
5	4843194	36	44	1.01472990786536	0.114	T>C	2	2	2	-10.7357370762711
5	17596335	41	76	1.0379603959862	0.211	A>T	2	2	2	-11.5791619153878
5	19458933	31	44	1.0379603959862	0.136	A>G	2	2	2	-10.1778878079271
5	20864659	25	43	1.0379603959862	0.116	G>T	2	2	2	-10.4479239432069
5	21479706	33	127	1.0610496070887	0.165	C>T	2	2	2	-10.2307302893015
5	21479724	21	146	1.0610496070887	0.171	T>C	2	2	2	-10.3677278899025
5	21479855	21	157	1.0610496070887	0.102	T>G	2	2	1	-10.4056728329805
5	21509682	31	50	1.0610496070887	0.22	A>G	2	2	2	-12.0353575716672
5	21514719	30	41	1.0610496070887	0.146	C>A	2	2	2	-10.1661917681639
5	21515527	30	42	1.0610496070887	0.119	G>A	2	2	2	-10.4479239432069
5	21516195	28	45	1.0610496070887	0.2	G>A	2	2	2	-11.1820650569501
5	21516201	28	44	1.0610496070887	0.114	A>G	2	2	2	-10.7170526077629
5	21516467	31	54	1.0610496070887	0.241	G>A	2	2	2	-13.1175934801772
5	21550156	31	40	0.977971668893068	0.25	T>C	2	1	1	-23.2728371069392
5	26791981	31	43	1.03372551614325	0.256	A>T	2	2	2	-14.4155465000205
5	29412223	35	44	1.03372551614325	0.159	A>T	2	2	2	-10.2307302893015
5	29427114	45	44	1.03372551614325	0.227	T>C	2	2	2	-12.5487440162948
5	29427119	45	40	1.03372551614325	0.2	C>T	2	2	2	-11.1820650569501
5	29444578	27	40	1.03372551614325	0.25	T>C	2	2	2	-13.7403370201472
5	34190500	61	59	1.04740485005178	0.169	T>C	2	2	2	-10.3677278899025
5	34357051	24	48	1.04740485005178	0.25	G>T	2	2	2	-13.7403370201472
5	45954111	36	40	1.04740485005178	0.125	G>A	2	2	2	-10.4479239432069
5	46051295	37	40	1.05395780155207	0.25	C>G	2	2	2	-13.7403370201472
5	46051653	34	42	1.05395780155207	0.119	C>T	2	2	2	-10.4479239432069
5	46054165	39	41	1.05395780155207	0.195	C>G	2	2	2	-11.1820650569501
5	46054174	39	41	1.05395780155207	0.195	G>A	2	2	2	-11.1820650569501
5	46054176	39	41	1.05395780155207	0.195	G>A	2	2	2	-11.1820650569501
5	46054186	39	45	1.05395780155207	0.267	T>G	2	2	2	-15.1419193282087
5	46054198	39	52	1.05395780155207	0.25	C>G	2	2	2	-13.7403370201472
5	46054206	39	49	1.05395780155207	0.286	G>A	2	2	2	-16.7434962189822
5	46055492	38	52	1.05395780155207	0.269	T>C	2	2	2	-15.1419193282087
5	46055505	38	48	1.05395780155207	0.292	A>G	2	2	2	-16.7434962189822
5	46055515	38	45	1.05395780155207	0.289	A>G	2	2	2	-16.7434962189822
5	46055537	38	42	1.05395780155207	0.214	T>A	2	2	2	-11.5791619153878
5	46093859	35	47	1.05395780155207	0.106	T>C	2	2	2	-10.7170526077629
5	46093881	35	115	1.05395780155207	0.296	A>G	2	2	2	-17.6166147789911
5	46094332	34	48	1.05395780155207	0.125	T>A	2	2	2	-10.4479239432069
5	46094339	34	53	1.05395780155207	0.113	G>A	2	2	2	-10.7170526077629
5	46094605	35	43	1.05395780155207	0.186	T>C	2	2	2	-10.8461808826805
5	46094703	38	75	1.05395780155207	0.333	T>C	2	2	2	-20.5145391620841
5	46094704	38	75	1.05395780155207	0.293	A>G	2	2	2	-16.7434962189822
5	46094948	35	86	1.05395780155207	0.14	G>C	2	2	2	-10.1778878079271
5	46094965	35	51	1.05395780155207	0.157	G>A	2	2	2	-10.2307302893015
5	46095236	38	62	1.05395780155207	0.226	T>C	2	2	2	-12.5487440162948
5	46095237	38	63	1.05395780155207	0.206	G>A	2	2	2	-11.5791619153878
5	46095252	38	91	1.05395780155207	0.11	G>T	2	2	2	-10.7170526077629
5	46095322	38	84	1.05395780155207	0.119	G>C	2	2	2	-10.4479239432069
5	46095338	38	55	1.05395780155207	0.127	A>G	2	2	2	-10.2701375415783
5	46264915	32	46	1.05395780155207	0.109	G>C	2	2	2	-10.7170526077629
5	46264925	32	44	1.05395780155207	0.136	C>T	2	2	2	-10.1778878079271
5	46264933	32	44	1.05395780155207	0.136	A>T	2	2	2	-10.1778878079271
5	46264939	32	46	1.05395780155207	0.13	A>C	2	2	2	-10.2701375415783
5	46264943	32	43	1.05395780155207	0.14	T>A	2	2	2	-10.1778878079271
5	46268200	37	66	1.05395780155207	0.106	G>A	2	2	2	-10.7170526077629
5	46268483	35	66	1.05395780155207	0.106	G>A	2	2	2	-10.7170526077629
5	46268487	35	68	1.05395780155207	0.118	C>A	2	2	2	-10.4479239432069
5	46268507	35	81	1.05395780155207	0.148	A>T	2	2	2	-10.1661917681639
5	46322347	37	45	1.183	0.267	C>T	2	4	4	-10.4041011594789
5	46322368	37	46	1.271	0.283	G>C	2	5	5	-10.5491764893441
5	46323055	37	53	1.26736777059744	0.34	A>T	2	5	5	-10.7039747681729
5	46323155	38	45	1.26736777059744	0.289	A>T	2	5	5	-10.4581165238285
5	46323156	38	45	1.26736777059744	0.289	C>T	2	5	5	-10.4581165238285
5	46323159	38	45	1.26736777059744	0.2	A>G	2	5	3	-10.3583000641616
5	46323756	38	144	1.26736777059744	0.292	A>G	2	5	5	-10.4581165238285
5	46324254	38	383	1.26736777059744	0.238	A>G	2	5	4	-10.3427511858025
5	46324320	37	50	1.26736777059744	0.42	G>T	2	5	5	-13.3655611368124
5	46324823	37	43	1.26736777059744	0.116	T>C	2	5	2	-10.0690914575924
5	46325404	35	46	1.26736777059744	0.152	C>T	2	5	2	-10.4918780557816
5	46325474	37	67	1.26736777059744	0.149	T>C	2	5	2	-10.4918780557816
5	46326592	32	55	1.26736777059744	0.364	T>C	2	5	5	-11.1154204032242
5	46326663	32	103	1.26736777059744	0.243	T>C	2	5	4	-10.3427511858025
5	46326686	36	167	1.26736777059744	0.18	A>G	2	5	3	-10.2359874598225
5	46327082	40	42	1.26736777059744	0.405	C>T	2	5	5	-12.4495808109246
5	46329325	37	40	1.26736777059744	0.15	G>A	2	5	2	-10.4918780557816
5	46329678	41	61	1.26736777059744	0.262	C>G	2	5	4	-10.423524620582
5	46329698	38	57	1.26736777059744	0.263	A>G	2	5	4	-10.423524620582
5	46329711	38	66	1.26736777059744	0.197	T>C	2	5	3	-10.3583000641616
5	46331804	36	76	1.26736777059744	0.171	A>G	2	5	3	-10.2728014329452
5	46333946	38	94	1.26736777059744	0.255	T>C	2	5	4	-10.423524620582
5	46340143	33	49	1.26736777059744	0.143	A>G	2	5	2	-10.2687345044674
5	46354641	36	51	1.26736777059744	0.118	C>T	2	5	2	-10.0690914575924
5	46354687	36	41	1.26736777059744	0.146	A>C	2	5	2	-10.4918780557816
5	46355411	38	44	1.26736777059744	0.273	T>A	2	5	4	-10.5413076562384
5	46356771	39	41	1.26736777059744	0.122	C>A	2	5	2	-10.0690914575924
5	46362537	39	42	1.26736777059744	0.119	A>T	2	5	2	-10.0690914575924
5	46362920	36	50	1.26736777059744	0.12	A>G	2	5	2	-10.0690914575924
5	46364707	36	68	1.26736777059744	0.103	A>G	2	5	2	-10.2358542821374
5	46369213	37	77	1.26736777059744	0.104	G>A	2	5	2	-10.2358542821374
5	46369233	37	50	1.26736777059744	0.1	G>A	2	5	2	-10.2358542821374
5	46370784	37	40	1.26736777059744	0.1	A>G	2	5	2	-10.2358542821374
5	46378242	35	49	1.26736777059744	0.143	C>T	2	5	2	-10.2687345044674
5	46378247	35	44	1.26736777059744	0.114	A>T	2	5	2	-10.103380531071
5	46379280	39	62	1.26736777059744	0.161	C>T	2	5	3	-10.3787500109546
5	46379298	39	41	1.26736777059744	0.146	C>T	2	5	2	-10.4918780557816
5	46379537	37	41	1.26736777059744	0.195	A>G	2	5	3	-10.3583000641616
5	46392900	36	41	1.26736777059744	0.122	A>G	2	5	2	-10.0690914575924
5	46396026	38	44	0.646	0.114	C>T	2	1	1	-12.5462187277086
5	46401977	37	49	1.764	0.224	C>T	2	11	5	-10.2821415703171
5	49410229	38	350	1.66113756901424	0.126	A>G	2	10	3	-10.1297638978248
5	49410237	38	327	1.66113756901424	0.11	T>G	2	10	2	-10.1590055952415
5	49414471	40	118	1.66113756901424	0.169	G>C	2	10	4	-10.2942149565379
5	49429568	36	680	1.66113756901424	0.115	T>C	2	10	3	-10.2320427469453
5	49429910	39	46	1.66113756901424	0.13	T>A	2	10	3	-10.1297638978248
5	49430022	38	443	1.66113756901424	0.124	A>C	2	10	3	-10.2320427469453
5	49430077	38	432	1.66113756901424	0.102	A>T	2	10	2	-9.99223645145508
5	49430146	38	76	1.66113756901424	0.303	T>C	2	10	6	-10.4738793231141
5	49432470	39	121	1.66113756901424	0.107	G>A	2	10	2	-10.1590055952415
5	49432474	39	123	1.66113756901424	0.138	G>A	2	10	3	-10.1130217166818
5	49433415	37	102	1.66113756901424	0.147	A>C	2	10	3	-10.1768332294267
5	49433425	37	68	1.66113756901424	0.235	T>A	2	10	5	-10.3269673648897
5	49435260	40	64	1.66113756901424	0.172	A>G	2	10	4	-10.2942149565379
5	49435500	39	44	1.66113756901424	0.136	A>C	2	10	3	-10.1130217166818
5	49435685	36	652	1.66113756901424	0.144	A>C	2	10	3	-10.1130217166818
5	49435722	36	490	1.66113756901424	0.41	A>T	2	10	9	-10.487222190353
5	49436062	39	350	1.66113756901424	0.3	A>G	2	10	6	-10.4738793231141
5	49436897	41	47	1.66113756901424	0.106	A>G	2	10	2	-10.1590055952415
5	49437120	38	178	1.66113756901424	0.326	A>C	2	10	7	-10.4144028348226
5	49437138	38	187	1.66113756901424	0.198	C>T	2	10	4	-10.3037601638015
5	49437189	38	125	1.66113756901424	0.12	G>C	2	10	3	-10.2320427469453
5	49437297	40	149	1.66113756901424	0.148	G>A	2	10	3	-10.1768332294267
5	49437388	40	404	1.66113756901424	0.47	A>G	2	10	10	-10.4731160108079
5	49437391	40	436	1.66113756901424	0.133	A>G	2	10	3	-10.1297638978248
5	49437894	39	45	1.66113756901424	0.133	T>C	2	10	3	-10.1297638978248
5	49438436	37	365	1.66113756901424	0.142	G>C	2	10	3	-10.1130217166818
5	49438569	37	46	1.66113756901424	0.109	C>T	2	10	2	-10.1590055952415
5	49438855	41	81	1.66113756901424	0.148	A>G	2	10	3	-10.1768332294267
5	49440439	38	376	1.66113756901424	0.144	A>G	2	10	3	-10.1130217166818
5	49440897	36	504	1.66113756901424	0.101	A>C	2	10	2	-9.99223645145508
5	49448187	36	40	0.836	0.1	T>C	2	1	1	-10.3985857592728
5	49460691	36	145	0.931935375163645	0.103	T>A	2	1	1	-10.2396073031051
5	49475838	37	46	0.931935375163645	0.109	G>A	2	1	1	-10.5654411415212
5	49499711	39	42	0.931935375163645	0.143	C>A	2	1	1	-12.1057178833652
5	49512608	37	40	0.931935375163645	0.1	G>C	2	1	1	-10.2396073031051
5	49520744	37	47	0.931935375163645	0.128	C>A	2	1	1	-11.5048204364565
5	49525536	37	47	0.931935375163645	0.149	A>C	2	1	1	-12.787169024162
5	49534959	35	56	0.931935375163645	0.393	T>C	2	1	1	-46.7580615008021
5	49534985	35	63	0.931935375163645	0.302	G>T	2	1	1	-30.6347997433884
5	49535044	35	107	0.931935375163645	0.14	A>T	2	1	1	-12.1057178833652
5	49535049	35	97	0.931935375163645	0.155	A>T	2	1	1	-13.5448547258595
5	49539594	35	88	0.931935375163645	0.239	A>T	2	1	1	-21.9768953612148
5	49541802	36	43	0.931935375163645	0.14	T>A	2	1	1	-12.1057178833652
5	49545835	36	67	0.931935375163645	0.507	T>G	2	1	1	-73.4955693145326
5	49545866	36	45	0.931935375163645	0.289	T>A	2	1	1	-29.0685340028195
5	49546491	33	43	0.931935375163645	0.395	T>G	2	1	1	-48.7638153266908
5	49547373	38	55	0.931935375163645	0.182	A>T	2	1	1	-15.2742788930681
5	49547379	38	56	0.931935375163645	0.214	C>T	2	1	1	-18.3590222547455
5	49547925	34	42	0.931935375163645	0.19	A>G	2	1	1	-16.2397468609183
5	49551798	34	43	0.931935375163645	0.233	C>A	2	1	1	-20.7148987167725
5	49551805	34	42	0.931935375163645	0.238	A>T	2	1	1	-21.9768953612148
