chromosome	position	GC.percent	good.reads	adjusted.ratio	F	mutation	CNn	CNt	Mt	LPP
1	725102	39	65	0.958634915001455	0.108	G>A	2	2	0	-26.9589285802982
1	725853	40	56	0.958634915001455	0.107	A>T	2	2	0	-26.9589285802982
1	725892	40	67	0.958634915001455	0.104	C>G	2	2	0	-24.4657231276955
1	2585734	60	49	1.15335654657691	0.122	A>T	2	3	1	-19.4347384260485
1	2622155	61	40	1.33929033094259	0.125	C>T	2	3	1	-19.2668690383087
1	2622158	61	44	1.33929033094259	0.114	T>C	2	3	1	-20.4266286879583
1	2623482	64	40	1.33929033094259	0.125	C>T	2	3	1	-19.2668690383087
1	2625299	63	54	1.33929033094259	0.111	C>A	2	3	1	-20.4266286879583
1	16870684	44	54	1.00234517349752	0.13	A>G	2	2	1	-31.4305840728813
1	16905233	53	57	1.00234517349752	0.14	T>G	2	2	1	-29.8855844359829
1	16977522	35	43	1.00234517349752	0.163	A>C	2	2	1	-27.0329271108631
1	16990770	33	43	1.00234517349752	0.442	T>G	2	2	1	-10.5990174589794
1	17001871	44	50	1.00234517349752	0.18	T>C	2	2	1	-24.4705571104575
1	17001872	44	48	1.00234517349752	0.167	G>A	2	2	1	-25.717174808217
1	17223686	47	44	1.00234517349752	0.159	A>C	2	2	1	-27.0329271108631
1	17225863	44	47	1.00234517349752	0.17	C>G	2	2	1	-25.717174808217
1	17229732	47	40	1.00234517349752	0.15	A>C	2	2	1	-28.4211384929726
1	17229734	47	41	1.00234517349752	0.146	A>G	2	2	1	-28.4211384929726
1	17229740	47	44	1.00234517349752	0.205	T>G	2	2	1	-22.1732622655232
1	17233446	43	41	1.00234517349752	0.195	T>C	2	2	1	-22.1732622655232
1	17233450	43	42	1.00234517349752	0.19	A>G	2	2	1	-23.2901279945007
1	17233457	43	43	1.00234517349752	0.209	C>T	2	2	1	-21.1176092207138
1	120566837	37	43	1.16542771420226	0.14	T>C	2	3	1	-17.3834403205816
1	121141696	42	60	1.16542771420226	0.1	G>C	2	3	1	-21.8524424029355
1	121352746	40	50	1.16542771420226	0.14	A>G	2	3	1	-17.3834403205816
1	121353622	37	46	1.16542771420226	0.217	A>C	2	3	1	-12.115862203573
1	121356040	41	69	1.16542771420226	0.101	A>T	2	3	1	-21.8524424029355
1	121357353	39	190	1.16542771420226	0.1	A>C	2	3	1	-21.8524424029355
1	121370298	40	72	1.16542771420226	0.681	A>G	2	3	2	-11.9138526648157
1	121370328	40	103	1.16542771420226	0.573	T>G	2	3	2	-10.8526376246149
1	121370336	40	104	1.16542771420226	0.548	G>T	2	3	2	-11.1976788465716
1	121370358	40	96	1.16542771420226	0.552	A>G	2	3	2	-11.1976788465716
1	121370650	43	53	1.16542771420226	0.189	A>G	2	3	1	-13.598578469867
1	121380303	41	50	1.16542771420226	0.1	A>C	2	3	1	-21.8524424029355
1	142543122	36	48	0.589169801170173	0.125	G>A	2	1	0	-29.6396784610867
1	142543133	36	62	0.589169801170173	0.113	A>C	2	1	0	-27.0482883308962
1	142545691	37	53	0.965559595776536	0.132	T>C	2	2	1	-31.3674162596937
1	142552925	31	64	0.965559595776536	0.125	C>T	2	2	0	-29.5503187104887
1	142553011	31	65	0.965559595776536	0.108	T>C	2	2	0	-26.9589285802982
1	142558760	29	95	0.965559595776536	0.263	A>G	2	2	1	-16.6270764759233
1	142567253	28	58	0.965559595776536	0.138	T>G	2	2	1	-29.8224166227954
1	142568898	33	45	0.965559595776536	0.156	C>T	2	2	1	-26.9697592976755
1	142569946	42	65	0.965559595776536	0.169	G>A	2	2	1	-25.6540069950294
1	142569976	42	83	0.965559595776536	0.205	G>C	2	2	1	-22.1100944523357
1	142582068	46	44	0.965559595776536	0.114	G>C	2	2	0	-26.9589285802982
1	142582076	46	40	0.965559595776536	0.1	G>A	2	2	0	-24.4657231276955
1	142587760	50	40	0.965559595776536	0.15	G>T	2	2	1	-28.3579706797851
1	142587761	50	40	0.965559595776536	0.125	C>A	2	2	0	-29.5503187104887
1	142655529	48	56	0.965559595776536	0.125	C>T	2	2	0	-29.5503187104887
1	142655530	48	55	0.965559595776536	0.127	T>G	2	2	1	-31.3674162596937
1	142655592	48	61	0.965559595776536	0.131	A>C	2	2	1	-31.3674162596937
1	142655602	48	58	0.965559595776536	0.103	A>T	2	2	0	-24.4657231276955
1	142671510	62	44	0.978943681982432	0.182	C>T	2	2	1	-24.40738929727
1	142680395	50	48	0.978943681982432	0.104	A>G	2	2	0	-24.4657231276955
1	142681501	50	51	0.978943681982432	0.118	G>T	2	2	0	-29.5503187104887
1	142681522	50	44	0.978943681982432	0.159	C>A	2	2	1	-26.9697592976755
1	142687570	40	60	0.978943681982432	0.1	G>A	2	2	0	-24.4657231276955
1	142699178	31	58	0.978943681982432	0.19	T>C	2	2	1	-23.2269601813131
1	142699217	31	40	0.978943681982432	0.125	A>G	2	2	0	-29.5503187104887
1	142785654	52	58	0.978943681982432	0.103	G>C	2	2	0	-24.4657231276955
1	142957749	45	50	0.978943681982432	0.1	G>C	2	2	0	-24.4657231276955
1	142966940	39	83	0.978943681982432	0.108	A>C	2	2	0	-26.9589285802982
1	142966942	39	84	0.978943681982432	0.119	A>G	2	2	0	-29.5503187104887
1	143132538	37	41	0.978943681982432	0.122	A>G	2	2	0	-29.5503187104887
1	143140036	29	43	0.978943681982432	0.233	T>A	2	2	1	-19.118523701939
1	143140062	29	41	0.978943681982432	0.146	A>G	2	2	1	-28.3579706797851
1	143179319	48	45	0.978943681982432	0.289	A>G	2	2	1	-14.5967764851437
1	143188048	59	49	0.978943681982432	0.102	G>A	2	2	0	-24.4657231276955
1	143217959	38	58	0.978943681982432	0.103	T>C	2	2	0	-24.4657231276955
1	143236314	26	48	0.978943681982432	0.146	T>C	2	2	1	-28.3579706797851
1	143240929	55	45	0.978943681982432	0.178	A>G	2	2	1	-24.40738929727
1	143240953	55	42	0.978943681982432	0.214	G>A	2	2	1	-21.0544414075262
1	143255954	51	40	0.978943681982432	0.1	G>A	2	2	0	-24.4657231276955
1	143390414	34	41	0.978943681982432	0.268	C>T	2	2	1	-15.9006994008645
1	143405880	50	44	0.978943681982432	0.182	T>A	2	2	1	-24.40738929727
1	143417491	46	61	0.978943681982432	0.115	T>C	2	2	0	-29.5503187104887
1	143479566	38	49	0.978943681982432	0.122	T>A	2	2	0	-29.5503187104887
1	143522030	38	49	0.978943681982432	0.245	C>T	2	2	1	-18.2346232625743
1	144024312	40	41	0.978943681982432	0.293	A>G	2	2	1	-14.5967764851437
1	145199922	39	50	1.01885692934354	0.12	G>T	2	2	0	-29.6134865236762
1	145206708	31	56	1.01885692934354	0.25	C>T	2	2	1	-17.4677847124847
1	145212006	35	72	1.01885692934354	0.181	G>A	2	2	1	-24.4705571104575
1	145263457	50	40	1.01885692934354	0.15	T>C	2	2	1	-28.4211384929726
1	145298186	52	42	1.01885692934354	0.238	C>G	2	2	1	-18.2977910757618
1	145301651	50	41	1.01885692934354	0.122	T>C	2	2	0	-29.6134865236762
1	146396887	28	52	0.870076897094141	0.115	T>C	2	2	0	-29.5428921526363
1	146473486	40	50	0.870076897094141	0.28	G>C	2	2	1	-15.2168690641799
1	146477813	45	44	0.870076897094141	0.364	A>G	2	2	1	-11.4914396070763
1	148001197	34	56	0.994002689243626	0.125	G>C	2	2	0	-29.6134865236762
1	148001872	45	48	0.994002689243626	0.188	T>A	2	2	1	-23.2901279945007
1	148847610	30	121	0.994002689243626	0.107	C>A	2	2	0	-27.0220963934857
1	148847654	30	114	0.994002689243626	0.123	G>T	2	2	0	-29.6134865236762
1	148894208	33	97	0.994002689243626	0.268	T>C	2	2	1	-15.963867214052
1	148952415	47	46	0.994002689243626	0.109	G>A	2	2	0	-27.0220963934857
1	149027217	37	67	0.994002689243626	0.134	C>A	2	2	1	-31.4305840728813
1	149027221	37	72	0.994002689243626	0.139	T>G	2	2	1	-29.8855844359829
1	149030034	28	80	0.994002689243626	0.175	T>A	2	2	1	-24.4705571104575
1	149032481	35	120	0.994002689243626	0.125	C>T	2	2	0	-29.6134865236762
1	224199945	39	41	0.950853626016725	0.122	C>T	2	2	0	-29.5503187104887
1	224203404	39	43	0.950853626016725	0.14	A>G	2	2	1	-29.8224166227954
1	228958108	33	50	0.950853626016725	0.1	G>C	2	2	0	-24.4657231276955
2	12111294	33	42	0.933867690377335	0.119	G>T	2	2	0	-29.5267716904758
2	13536318	33	51	1.00824188723858	0.196	A>G	2	2	1	-22.1732622655232
2	87587840	28	114	0.997267001826412	0.123	T>A	2	2	0	-29.6134865236762
2	87587841	28	115	0.997267001826412	0.113	G>T	2	2	0	-27.0220963934857
2	87587846	28	118	0.997267001826412	0.11	G>A	2	2	0	-27.0220963934857
2	87588142	29	62	0.997267001826412	0.113	C>T	2	2	0	-27.0220963934857
2	87588149	27	64	0.997267001826412	0.141	T>A	2	2	1	-29.8855844359829
2	89263484	23	54	0.931528757659081	0.148	G>C	2	2	1	-28.3344236597722
2	89852768	40	223	0.826239421937834	0.493	G>A	2	2	1	-11.3945344435972
2	89856591	39	47	0.826239421937834	0.106	A>G	2	2	0	-27.103089375076
2	89869384	38	95	0.826239421937834	0.211	A>C	2	2	1	-21.198602202304
2	89877906	39	68	0.826239421937834	0.103	T>A	2	2	0	-24.6098839224733
2	89878267	38	66	0.826239421937834	0.121	A>G	2	2	0	-29.6944795052664
2	90418001	54	50	1.26528759287999	0.12	G>A	2	3	1	-19.2827114081805
2	90418040	54	47	1.26528759287999	0.106	G>A	2	3	1	-20.4424710578301
2	90420808	33	71	1.26528759287999	0.127	A>G	2	3	1	-18.2142940214583
2	90468856	34	78	1.26528759287999	0.103	A>T	2	3	1	-21.7004153850675
2	90479434	55	57	1.26528759287999	0.123	C>T	2	3	1	-19.2827114081805
2	91653145	29	143	1.26528759287999	0.119	G>A	2	3	1	-19.2827114081805
2	91658921	46	52	1.26528759287999	0.135	C>A	2	3	1	-17.2314133027136
2	91658946	34	53	1.26528759287999	0.151	T>C	2	3	1	-16.3290862778568
2	91739446	31	94	1.26528759287999	0.106	A>T	2	3	1	-20.4424710578301
2	91977430	42	44	1.05582947467318	0.114	T>G	2	2	0	-27.1248694612656
2	91977686	39	51	1.05582947467318	0.118	C>A	2	2	0	-29.7162595914561
2	91980190	45	50	1.05582947467318	0.1	G>C	2	2	0	-24.631664008663
2	91980584	28	85	1.05582947467318	0.129	T>A	2	2	1	-31.5333571406612
2	91981406	26	69	1.05582947467318	0.42	G>A	2	2	1	-10.6961927512465
2	92079248	45	44	1.05582947467318	0.159	G>A	2	2	1	-27.135700178643
2	92102655	37	44	1.02745791768286	0.136	A>G	2	2	1	-29.9883575037628
2	92130470	26	44	1.02745791768286	0.159	C>T	2	2	1	-27.135700178643
2	92243864	37	82	1.02745791768286	0.11	T>C	2	2	0	-27.1248694612656
2	92255732	22	60	1.02745791768286	0.133	T>A	2	2	1	-31.5333571406612
2	92259527	25	70	1.02745791768286	0.1	A>G	2	2	0	-24.631664008663
2	92269069	35	197	1.4609811112229	0.198	T>A	2	3	1	-12.9656649842023
2	92269108	35	602	1.4609811112229	0.148	A>C	2	3	1	-16.402946620884
2	92269590	37	68	1.4609811112229	0.118	A>T	2	3	1	-19.3565717512077
2	92272041	38	50	1.4609811112229	0.1	T>C	2	3	1	-21.7742757280947
2	92272437	34	40	1.4609811112229	0.125	C>T	2	3	1	-19.3565717512077
2	92272441	34	41	1.4609811112229	0.122	T>C	2	3	1	-19.3565717512077
2	92276340	36	41	1.4609811112229	0.634	C>G	2	3	2	-10.7176937108933
2	92276372	34	58	1.4609811112229	0.103	C>T	2	3	1	-21.7742757280947
2	92282291	39	49	1.4609811112229	0.102	G>C	2	3	1	-21.7742757280947
2	92282314	39	40	1.4609811112229	0.2	G>A	2	3	1	-12.9656649842023
2	92282665	40	48	1.4609811112229	0.104	T>G	2	3	1	-21.7742757280947
2	92283697	40	42	1.4609811112229	0.19	C>T	2	3	1	-13.5204117950262
2	92284435	37	40	1.4609811112229	0.225	A>G	2	3	1	-12.0376955287322
2	92286629	42	59	1.4609811112229	0.119	C>T	2	3	1	-19.3565717512077
2	92286672	42	45	1.4609811112229	0.311	C>A	2	3	1	-10.5233668880378
2	92297985	40	475	1.86819511673025	0.103	C>G	2	4	1	-15.8224865596181
2	92299523	37	146	1.86819511673025	0.192	T>A	2	4	1	-10.787692624996
2	92302939	38	40	1.86819511673025	0.1	G>C	2	4	1	-15.8224865596181
2	92322758	35	123	1.86819511673025	0.154	C>A	2	4	1	-12.2395296737665
2	96516195	44	45	0.937148889616385	0.111	A>C	2	2	0	-26.9353815602853
2	96595720	27	43	0.937148889616385	0.163	G>C	2	2	1	-26.9462122776626
2	96606555	39	53	0.937148889616385	0.113	T>C	2	2	0	-26.9353815602853
2	96615026	37	50	0.937148889616385	0.1	T>C	2	2	0	-24.4421761076826
2	96615085	42	51	0.937148889616385	0.392	G>A	2	2	1	-10.8037861250427
2	96615098	42	43	0.937148889616385	0.302	C>T	2	2	1	-13.9935981218926
2	97820009	34	61	0.952412003306892	0.115	A>T	2	2	0	-29.5503187104887
2	97824755	29	41	0.952412003306892	0.268	G>A	2	2	1	-15.9006994008645
2	97830053	35	40	0.952412003306892	0.375	A>G	2	2	1	-11.0090547318301
2	98177041	38	43	0.952412003306892	0.395	T>G	2	2	1	-10.6871898871373
2	98177067	38	45	0.952412003306892	0.4	G>A	2	2	1	-10.6871898871373
2	114173685	37	66	0.995600599154095	0.106	C>T	2	2	0	-27.0220963934857
2	126651538	13	40	0.939164180435916	0.25	A>T	2	2	1	-17.3810698792843
2	126651572	13	40	0.939164180435916	0.125	A>T	2	2	0	-29.5267716904758
2	132771302	35	58	1.00729535060508	0.103	C>T	2	2	0	-24.5288909408831
2	132774707	32	78	1.00729535060508	0.231	T>C	2	2	1	-19.1816915151266
2	132784720	29	46	1.02383852284173	0.109	A>G	2	2	0	-27.1248694612656
2	132789517	24	42	1.02383852284173	0.119	G>T	2	2	0	-29.7162595914561
2	132789545	24	50	1.02383852284173	0.26	A>G	2	2	1	-16.7930173568908
2	132789551	24	50	1.02383852284173	0.28	C>T	2	2	1	-15.3902365029997
2	132798866	45	79	1.02383852284173	0.165	A>C	2	2	1	-27.135700178643
2	132807816	25	40	1.02383852284173	0.1	C>A	2	2	0	-24.631664008663
2	132807838	25	41	1.02383852284173	0.122	A>T	2	2	0	-29.7162595914561
2	132808362	31	53	1.02383852284173	0.189	T>C	2	2	1	-23.3929010622806
2	132808365	31	53	1.02383852284173	0.34	A>T	2	2	1	-12.3262797535907
2	132808384	31	56	1.02383852284173	0.143	C>G	2	2	1	-29.9883575037628
2	132812326	25	49	1.02383852284173	0.347	C>T	2	2	1	-11.9738242251947
2	132812327	25	48	1.02383852284173	0.25	T>C	2	2	1	-17.5705577802646
2	132858382	36	43	0.983076279320176	0.14	G>A	2	2	1	-29.8855844359829
2	132867654	32	46	0.983076279320176	0.109	T>C	2	2	0	-27.0220963934857
2	132967040	39	47	0.983076279320176	0.149	G>T	2	2	1	-28.4211384929726
2	132971846	34	46	0.983076279320176	0.152	A>G	2	2	1	-28.4211384929726
2	132974334	39	69	0.983076279320176	0.116	A>T	2	2	0	-29.6134865236762
2	132974503	38	54	0.983076279320176	0.13	T>A	2	2	1	-31.4305840728813
2	132980905	39	87	0.983076279320176	0.126	C>T	2	2	1	-31.4305840728813
2	132998994	35	54	0.690742289356321	0.13	T>A	2	1	0	-33.1308800775958
2	133001984	37	110	1.09559190679232	0.155	T>A	2	2	1	-27.2780940395975
2	133002430	38	97	1.09559190679232	0.196	G>A	2	2	1	-22.4184291942576
2	133002506	38	121	1.09559190679232	0.207	C>A	2	2	1	-21.3627761494482
2	133004236	35	68	1.09559190679232	0.647	T>C	2	2	1	-20.5717526503788
2	133004251	35	48	1.09559190679232	0.583	T>G	2	2	1	-15.3482050464568
2	133004599	35	42	1.09559190679232	0.143	T>C	2	2	1	-30.1307513647173
2	133007124	36	95	1.09559190679232	0.105	T>A	2	2	0	-24.7740578696175
2	133008930	43	51	1.09559190679232	0.216	T>G	2	2	1	-20.3662219024804
2	133016079	55	44	1.09559190679232	0.136	G>A	2	2	1	-30.1307513647173
2	133021799	31	48	1.34880433892152	0.188	T>G	2	3	1	-13.4307090821272
2	133045632	58	50	0.9233166715192	0.14	G>A	2	2	1	-29.7988696027825
2	133045636	58	50	0.9233166715192	0.12	G>A	2	2	0	-29.5267716904758
3	75688709	57	50	0.970128759608259	0.1	G>T	2	2	0	-24.4657231276955
3	75688720	57	49	0.970128759608259	0.122	G>A	2	2	0	-29.5503187104887
3	75738421	35	65	0.970128759608259	0.262	G>A	2	2	1	-16.6270764759233
3	75738423	35	64	0.970128759608259	0.141	C>T	2	2	1	-29.8224166227954
3	75738424	35	63	0.970128759608259	0.238	A>G	2	2	1	-18.2346232625743
3	75755347	27	48	0.970128759608259	0.104	A>T	2	2	0	-24.4657231276955
3	75824724	42	40	0.970128759608259	0.25	T>G	2	2	1	-17.4046168992972
3	75874785	26	59	0.970128759608259	0.102	C>T	2	2	0	-24.4657231276955
3	75912999	29	48	1.635	0.167	A>G	2	4	1	-11.3435887867656
3	75913029	29	66	1.686	0.212	C>T	2	4	1	-10.3911391683876
3	75913040	29	63	1.609	0.127	A>T	2	4	1	-13.3778246017285
3	75984165	40	40	0.912677893854726	0.275	G>T	2	2	1	-15.2007486020194
3	75984166	40	40	0.912677893854726	0.275	T>A	2	2	1	-15.2007486020194
3	75988340	35	62	0.912677893854726	0.21	A>G	2	2	1	-21.0308943875133
3	75988344	35	65	0.912677893854726	0.2	C>T	2	2	1	-22.0865474323228
3	75988347	35	65	0.912677893854726	0.2	A>C	2	2	1	-22.0865474323228
3	75997006	38	45	0.912677893854726	0.222	C>A	2	2	1	-20.0343401405456
3	75997023	38	47	0.912677893854726	0.319	A>G	2	2	1	-12.9744217868128
3	75997024	38	46	0.912677893854726	0.304	T>C	2	2	1	-13.9935981218926
3	75997025	38	45	0.912677893854726	0.311	G>A	2	2	1	-13.4609412364694
3	75997201	41	40	0.912677893854726	0.35	C>A	2	2	1	-11.7843363242143
3	84443651	25	48	0.92662477362488	0.104	A>G	2	2	0	-24.4421761076826
3	90332360	38	52	1.05754981898138	0.173	A>G	2	2	1	-25.8199478759969
3	90367531	34	44	0.90846960982928	0.205	T>C	2	2	1	-22.0865474323228
3	90367541	34	43	0.90846960982928	0.209	G>T	2	2	1	-21.0308943875133
3	90367542	34	43	0.90846960982928	0.279	G>C	2	2	1	-15.2007486020194
3	90367548	34	43	0.90846960982928	0.209	C>A	2	2	1	-21.0308943875133
3	90367571	39	42	0.90846960982928	0.238	C>A	2	2	1	-18.2110762425614
3	90368009	35	48	0.90846960982928	0.188	G>A	2	2	1	-23.2034131613002
3	90372018	35	59	0.90846960982928	0.102	T>C	2	2	0	-24.4421761076826
3	90373338	34	45	0.90846960982928	0.333	A>G	2	2	1	-12.5332727952442
3	90398095	36	40	0.90846960982928	0.1	A>G	2	2	0	-24.4421761076826
3	90398104	36	41	0.90846960982928	0.366	T>G	2	2	1	-11.2092051263413
3	90398109	36	40	0.90846960982928	0.4	C>A	2	2	1	-10.6636428671243
3	90406689	37	45	0.90846960982928	0.111	T>A	2	2	0	-26.9353815602853
3	90406723	37	49	0.90846960982928	0.102	C>T	2	2	0	-24.4421761076826
3	90406727	37	49	0.90846960982928	0.143	C>G	2	2	1	-29.7988696027825
3	90442905	36	50	0.90846960982928	0.16	G>A	2	2	1	-26.9462122776626
3	90448595	36	104	0.90846960982928	0.135	G>T	2	2	1	-29.7988696027825
3	90453367	36	73	1.31803212743791	0.11	G>T	2	3	1	-20.4266286879583
3	90455036	39	54	1.31803212743791	0.204	G>T	2	3	1	-12.8759622713033
3	90455674	37	101	1.31803212743791	0.287	G>C	2	3	1	-10.4217145674931
3	90455706	36	57	1.31803212743791	0.404	G>A	2	3	1	-12.6954360691757
3	90455938	38	87	1.31803212743791	0.149	C>T	2	3	1	-16.313243907985
3	90457745	36	55	1.31803212743791	0.127	A>T	2	3	1	-18.1984516515865
3	90459310	36	41	1.31803212743791	0.171	A>G	2	3	1	-14.7335180595364
3	90459900	37	51	1.31803212743791	0.118	T>G	2	3	1	-19.2668690383087
3	90459936	36	57	1.31803212743791	0.123	A>T	2	3	1	-19.2668690383087
3	90459942	36	53	1.31803212743791	0.132	T>A	2	3	1	-18.1984516515865
3	90461648	38	92	1.31803212743791	0.109	A>G	2	3	1	-20.4266286879583
3	90472170	36	81	1.31803212743791	0.111	G>T	2	3	1	-20.4266286879583
3	90474902	38	53	1.31803212743791	0.642	T>A	2	3	2	-10.7646601402907
3	90474934	38	52	1.31803212743791	0.462	A>T	2	3	2	-14.5527819258591
3	90486645	36	40	1.31803212743791	0.175	C>A	2	3	1	-14.0490192799305
3	90486662	36	41	1.31803212743791	0.22	C>G	2	3	1	-11.9479928158332
3	90486664	36	40	1.31803212743791	0.225	G>A	2	3	1	-11.9479928158332
3	90486954	38	53	1.31803212743791	0.132	T>C	2	3	1	-18.1984516515865
3	90488789	39	40	1.31803212743791	0.125	A>C	2	3	1	-19.2668690383087
3	90492385	37	112	1.31803212743791	0.241	A>C	2	3	1	-11.2489667541561
3	185173372	16	41	0.955806069439026	0.122	G>C	2	2	0	-29.5503187104887
3	195213717	40	46	0.95500282635613	0.152	G>C	2	2	1	-28.3579706797851
3	195214002	42	41	0.95500282635613	0.122	T>A	2	2	0	-29.5503187104887
3	195225216	42	65	0.95500282635613	0.108	T>A	2	2	0	-26.9589285802982
3	197117789	37	45	0.972447784768268	0.133	G>A	2	2	1	-31.3674162596937
3	197186612	60	42	0.972447784768268	0.119	G>A	2	2	0	-29.5503187104887
3	197843764	29	40	0.972447784768268	0.2	A>G	2	2	1	-22.1100944523357
3	197843768	29	41	0.972447784768268	0.195	C>T	2	2	1	-22.1100944523357
3	197895798	41	71	0.972447784768268	0.113	T>A	2	2	0	-26.9589285802982
3	197896301	41	40	0.972447784768268	0.125	A>G	2	2	0	-29.5503187104887
3	197896303	41	41	0.972447784768268	0.122	C>G	2	2	0	-29.5503187104887
4	33834909	38	41	1.00901713083234	0.122	T>C	2	2	0	-29.6134865236762
4	33835196	35	42	1.00901713083234	0.238	G>A	2	2	1	-18.2977910757618
4	33835204	35	44	1.00901713083234	0.25	G>A	2	2	1	-17.4677847124847
4	33835634	25	56	1.00901713083234	0.143	C>G	2	2	1	-29.8855844359829
4	34006590	29	43	1.272	0.209	A>G	2	3	1	-12.3982705145192
4	34006591	29	44	1.336	0.205	C>T	2	3	1	-12.8759622713033
4	34006595	29	43	1.179	0.233	A>G	2	3	1	-11.7386176631071
4	49118900	41	106	0.905474282034072	0.16	T>C	2	2	1	-26.9462122776626
4	49129450	43	51	0.905474282034072	0.275	G>A	2	2	1	-15.2007486020194
4	49135275	40	60	0.818486589517838	0.133	C>G	2	2	1	-31.5115770544715
4	49142205	39	68	0.818486589517838	0.103	C>A	2	2	0	-24.6098839224733
4	49144367	39	71	0.818486589517838	0.141	T>A	2	2	1	-29.9665774175731
4	49148920	43	46	0.818486589517838	0.13	G>C	2	2	1	-31.5115770544715
4	49148924	43	44	0.818486589517838	0.159	T>C	2	2	1	-27.1139200924533
4	49148933	43	40	0.818486589517838	0.15	T>C	2	2	1	-28.5021314745628
4	49171817	29	41	1.0384375227034	0.146	A>T	2	2	1	-28.5239115607525
4	49230329	53	41	1.0384375227034	0.195	C>G	2	2	1	-22.2760353333031
4	49248528	33	42	1.0384375227034	0.143	G>A	2	2	1	-29.9883575037628
4	49298846	44	52	1.0384375227034	0.519	T>C	2	2	1	-12.3212914066806
4	49534162	46	60	1.0384375227034	0.1	G>T	2	2	0	-24.631664008663
4	49536298	49	60	1.0384375227034	0.183	C>A	2	2	1	-24.5733301782374
4	49536314	49	59	1.0384375227034	0.102	G>C	2	2	0	-24.631664008663
4	49641728	42	140	0.766857909765798	0.307	T>G	2	2	1	-13.9402590051737
4	49643544	40	41	0.766857909765798	0.146	C>A	2	2	1	-28.8137414284765
4	49657278	38	74	0.766857909765798	0.176	T>A	2	2	1	-24.8631600459614
4	49657480	42	47	0.766857909765798	0.149	A>C	2	2	1	-28.8137414284765
4	73322011	9	60	0.911426816475174	0.117	T>C	2	2	0	-29.5267716904758
4	103828909	38	47	0.957760131741306	0.128	C>T	2	2	1	-31.3674162596937
4	103828969	21	43	0.957760131741306	0.279	G>C	2	2	1	-15.2242956220323
4	130143015	23	60	0.947168892971492	0.117	C>G	2	2	0	-29.5503187104887
4	132769166	24	41	0.969548525713534	0.171	T>A	2	2	1	-25.6540069950294
4	133744117	30	40	0.969548525713534	0.1	C>A	2	2	0	-24.4657231276955
4	135173238	26	43	0.969548525713534	0.186	A>G	2	2	1	-23.2269601813131
4	137794249	26	45	0.969548525713534	0.156	C>G	2	2	1	-26.9697592976755
4	190621703	44	48	0.875938690342726	0.104	C>T	2	2	0	-24.4582965698431
4	190825627	30	58	1.0036911491325	0.534	G>A	2	2	1	-12.5994603936859
4	190825737	30	64	1.0036911491325	0.125	A>C	2	2	0	-29.6134865236762
4	190826069	47	55	1.0036911491325	0.509	G>A	2	2	1	-11.8772437662889
4	190827473	26	44	1.0036911491325	0.25	A>C	2	2	1	-17.4677847124847
4	190832342	31	45	1.0036911491325	0.133	C>T	2	2	1	-31.4305840728813
4	190842858	38	43	1.0036911491325	0.116	G>C	2	2	0	-29.6134865236762
4	190861072	49	52	1.0036911491325	0.115	C>T	2	2	0	-29.6134865236762
4	190861101	49	51	1.0036911491325	0.118	G>A	2	2	0	-29.6134865236762
4	190871347	35	70	1.0036911491325	0.1	A>G	2	2	0	-24.5288909408831
4	190874660	30	53	1.0036911491325	0.283	A>C	2	2	1	-15.2874634352198
4	190874686	30	57	1.0036911491325	0.105	T>A	2	2	0	-24.5288909408831
4	190878247	25	52	1.0036911491325	0.327	T>A	2	2	1	-12.6199876284446
4	190898190	27	46	1.0036911491325	0.217	A>G	2	2	1	-20.121054973746
4	190914520	37	84	1.0036911491325	0.167	C>A	2	2	1	-25.717174808217
4	190915541	36	44	1.0036911491325	0.455	A>T	2	2	1	-10.7653387735532
5	722329	30	48	1.09639057071394	0.104	C>T	2	2	0	-24.7740578696175
5	3324173	50	40	1.09639057071394	0.1	A>G	2	2	0	-24.7740578696175
5	3324175	50	40	1.09639057071394	0.1	T>G	2	2	0	-24.7740578696175
5	3474110	33	41	1.09639057071394	0.122	G>C	2	2	0	-29.8586534524106
5	19458933	26	44	1.09639057071394	0.136	A>G	2	2	1	-30.1307513647173
5	21515527	34	42	1.14935566532388	0.119	G>A	2	3	1	-19.5706059849824
5	26791981	29	43	1.11404959922281	0.256	A>T	2	3	1	-11.0693947504859
5	29412223	33	43	1.11404959922281	0.163	A>T	2	3	1	-15.7908883907027
5	34357051	25	48	1.11404959922281	0.25	G>T	2	3	1	-11.2848162557061
5	45908967	34	40	1.11404959922281	0.125	G>A	2	3	1	-19.5706059849824
5	46054165	39	41	0.990310679491048	0.195	C>G	2	2	1	-22.1732622655232
5	46054174	39	41	0.990310679491048	0.195	G>A	2	2	1	-22.1732622655232
5	46054176	39	41	0.990310679491048	0.195	G>A	2	2	1	-22.1732622655232
5	46054186	39	44	0.990310679491048	0.273	T>G	2	2	1	-15.963867214052
5	46094719	38	64	1.15011689075535	0.266	A>G	2	3	1	-10.9051365935805
5	46094729	38	52	1.15011689075535	0.154	A>C	2	3	1	-16.6169808546587
5	46094926	35	40	1.15011689075535	0.125	T>C	2	3	1	-19.5706059849824
5	46119287	35	42	1.15011689075535	0.143	A>T	2	3	1	-17.5193078795154
5	46119293	35	42	1.15011689075535	0.143	C>T	2	3	1	-17.5193078795154
5	46185706	37	40	1.15011689075535	0.1	T>C	2	3	1	-21.9883099618694
5	46185718	37	40	1.15011689075535	0.1	G>C	2	3	1	-21.9883099618694
5	46264915	32	49	1.15011689075535	0.102	G>C	2	3	1	-21.9883099618694
5	46264925	32	47	1.15011689075535	0.128	C>T	2	3	1	-18.5021885982602
5	46264933	32	46	1.15011689075535	0.13	A>T	2	3	1	-18.5021885982602
5	46264939	32	49	1.15011689075535	0.122	A>C	2	3	1	-19.5706059849824
5	46264943	32	44	1.15011689075535	0.136	T>A	2	3	1	-17.5193078795154
5	46264948	32	41	1.15011689075535	0.146	A>T	2	3	1	-16.6169808546587
5	46268200	34	65	1.15011689075535	0.108	G>A	2	3	1	-20.730365634632
5	46268487	36	67	1.15011689075535	0.119	C>A	2	3	1	-19.5706059849824
5	46322343	37	50	1.15011689075535	0.16	T>A	2	3	1	-15.7908883907027
5	46323055	37	49	1.36551738196679	0.286	A>T	2	3	1	-10.4462534585579
5	46323155	38	48	1.36551738196679	0.313	A>T	2	3	1	-10.4582030662036
5	46323159	38	47	1.36551738196679	0.213	A>G	2	3	1	-12.4069670357121
5	46324320	37	53	1.36551738196679	0.453	G>T	2	3	2	-15.1673086340862
5	46324711	36	136	1.36551738196679	0.551	A>G	2	3	2	-11.0543483498966
5	46324746	36	114	1.36551738196679	0.447	A>T	2	3	2	-15.1673086340862
5	46324750	36	118	1.36551738196679	0.424	G>C	2	3	1	-13.6872747796893
5	46325474	35	69	1.36551738196679	0.159	T>C	2	3	1	-15.5116903350937
5	46328011	36	52	1.36551738196679	0.154	T>A	2	3	1	-16.3377827990497
5	46329349	38	50	1.36551738196679	0.1	A>T	2	3	1	-21.7091119062604
5	46330315	34	49	1.36551738196679	0.102	C>T	2	3	1	-21.7091119062604
5	46344163	38	46	1.36551738196679	0.109	T>A	2	3	1	-20.451167579023
5	46356763	40	40	1.36551738196679	0.2	G>A	2	3	1	-12.900501162368
5	46362920	36	50	1.36551738196679	0.12	A>G	2	3	1	-19.2914079293734
5	46379250	37	92	1.36551738196679	0.174	G>C	2	3	1	-14.7580569506011
5	46379253	37	89	1.36551738196679	0.18	T>C	2	3	1	-14.0735581709952
5	46379254	37	91	1.36551738196679	0.143	G>A	2	3	1	-17.2401098239065
5	46379266	37	82	1.36551738196679	0.159	C>A	2	3	1	-15.5116903350937
5	46379280	37	66	1.36551738196679	0.227	C>T	2	3	1	-11.595287166432
5	46379298	37	42	1.36551738196679	0.167	C>T	2	3	1	-14.7580569506011
5	46379537	38	42	1.36551738196679	0.19	A>G	2	3	1	-13.455247973192
5	46392900	37	44	1.36551738196679	0.136	A>G	2	3	1	-17.2401098239065
5	46401977	36	50	1.982	0.24	C>T	2	5	1	-11.2037516505217
5	49435268	38	82	2.24409834448453	0.11	T>G	2	5	1	-12.2468779529322
5	49471707	39	40	1.02613983423685	0.1	T>G	2	2	0	-24.631664008663
5	49471712	39	40	1.02613983423685	0.125	C>A	2	2	0	-29.7162595914561
5	49499656	37	46	1.02613983423685	0.109	T>C	2	2	0	-27.1248694612656
5	49499711	37	44	1.02613983423685	0.136	C>A	2	2	1	-29.9883575037628
5	49501433	37	56	1.02613983423685	0.125	T>A	2	2	0	-29.7162595914561
5	49520744	37	47	1.02613983423685	0.128	C>A	2	2	1	-31.5333571406612
5	49525495	36	59	1.02613983423685	0.102	G>T	2	2	0	-24.631664008663
5	49534959	35	56	1.02613983423685	0.375	T>C	2	2	1	-11.1749956127975
5	49535367	37	105	1.02613983423685	0.152	C>T	2	2	1	-28.5239115607525
5	49539594	34	92	1.02613983423685	0.239	A>T	2	2	1	-18.4005641435417
5	49541802	36	45	1.02613983423685	0.156	T>A	2	2	1	-27.135700178643
5	49545866	35	48	1.02613983423685	0.292	T>A	2	2	1	-14.7627173661111
5	49547373	38	56	1.02613983423685	0.179	A>T	2	2	1	-24.5733301782374
5	49547379	38	57	1.02613983423685	0.228	C>T	2	2	1	-19.2844645829065
5	49547925	36	44	1.02613983423685	0.205	A>G	2	2	1	-22.2760353333031
5	49551780	38	46	1.02613983423685	0.174	C>T	2	2	1	-25.8199478759969
6	61898025	34	61	1.12430667583954	0.492	A>C	2	3	2	-13.3252800193067
6	61898519	35	47	1.12430667583954	0.17	T>C	2	3	1	-15.0372550062101
6	61903739	37	41	1.12430667583954	0.146	A>T	2	3	1	-16.6169808546587
6	61911031	34	87	1.12430667583954	0.195	T>C	2	3	1	-13.179699217977
6	61911291	38	94	1.12430667583954	0.117	G>A	2	3	1	-19.5706059849824
6	61912195	35	52	10.3419480691899	0.135	C>T	2	20	3	-9.83826494472344
6	61916268	35	41	0.912545711400065	0.561	C>T	2	2	1	-13.8945164514709
6	61916369	35	65	0.912545711400065	0.677	C>G	2	2	2	-20.9148610088294
6	66152856	28	47	0.912545711400065	0.128	T>C	2	2	1	-31.3438692396808
6	104393989	31	40	0.912545711400065	0.1	G>C	2	2	0	-24.4421761076826
6	123084252	36	40	0.912545711400065	0.15	C>T	2	2	1	-28.3344236597722
6	157733173	56	60	0.991764862151664	0.1	T>C	2	2	0	-24.5288909408831
6	157733666	58	67	0.991764862151664	0.104	G>C	2	2	0	-24.5288909408831
6	157734913	61	49	0.991764862151664	0.102	G>C	2	2	0	-24.5288909408831
7	945347	46	44	1.05981946254963	0.114	A>G	2	2	0	-27.1248694612656
7	53229503	25	40	0.97955212779018	0.1	G>A	2	2	0	-24.4657231276955
7	57610803	48	61	0.991621330912906	0.131	G>A	2	2	1	-31.4305840728813
7	57610830	48	64	0.991621330912906	0.156	G>T	2	2	1	-27.0329271108631
7	57610839	48	62	0.991621330912906	0.177	T>C	2	2	1	-24.4705571104575
7	57610871	48	51	0.991621330912906	0.216	C>T	2	2	1	-20.121054973746
7	57610872	56	48	0.991621330912906	0.208	A>G	2	2	1	-21.1176092207138
7	57612894	34	60	0.991621330912906	0.1	G>C	2	2	0	-24.5288909408831
7	57615781	31	43	0.991621330912906	0.14	G>C	2	2	1	-29.8855844359829
7	57616915	36	40	0.991621330912906	0.15	C>T	2	2	1	-28.4211384929726
7	57616918	36	41	0.991621330912906	0.146	G>A	2	2	1	-28.4211384929726
7	57631599	32	47	0.991621330912906	0.277	T>C	2	2	1	-15.2874634352198
7	57631626	32	49	0.991621330912906	0.347	C>T	2	2	1	-11.8710511574148
7	57631668	32	40	0.991621330912906	0.275	T>A	2	2	1	-15.2874634352198
7	57646690	45	46	0.991621330912906	0.37	C>G	2	2	1	-11.2959199595418
7	57665495	30	44	0.991621330912906	0.136	A>G	2	2	1	-29.8855844359829
7	57696088	51	62	0.991621330912906	0.161	A>C	2	2	1	-27.0329271108631
7	57722580	29	44	0.991621330912906	0.182	G>A	2	2	1	-24.4705571104575
7	57728581	34	41	0.991621330912906	0.171	A>G	2	2	1	-25.717174808217
7	57738713	34	43	0.991621330912906	0.116	T>C	2	2	0	-29.6134865236762
7	57738714	34	43	0.991621330912906	0.116	G>A	2	2	0	-29.6134865236762
7	57744359	35	45	0.991621330912906	0.244	G>A	2	2	1	-18.2977910757618
7	57744499	45	48	0.991621330912906	0.104	C>T	2	2	0	-24.5288909408831
7	57746065	40	42	0.991621330912906	0.143	C>A	2	2	1	-29.8855844359829
7	57746066	40	43	0.991621330912906	0.14	C>T	2	2	1	-29.8855844359829
7	57746071	40	43	0.991621330912906	0.14	C>T	2	2	1	-29.8855844359829
7	57746095	40	42	0.991621330912906	0.143	A>G	2	2	1	-29.8855844359829
7	57749171	25	49	0.991621330912906	0.286	G>T	2	2	1	-14.6599442983312
7	57783034	32	43	1.371	0.209	C>G	2	3	1	-12.4069670357121
7	57794980	28	42	1.11267853416607	0.333	G>A	2	3	1	-10.9339705168944
7	57922532	24	91	1.11267853416607	0.121	A>C	2	3	1	-19.5706059849824
7	57935287	24	43	1.11267853416607	0.279	G>A	2	3	1	-10.7908517329019
7	57935555	34	45	1.11267853416607	0.111	T>C	2	3	1	-20.730365634632
7	57936338	30	51	1.11267853416607	0.137	C>T	2	3	1	-17.5193078795154
7	57937828	37	79	1.11267853416607	0.101	T>A	2	3	1	-21.9883099618694
7	57944284	38	44	1.11267853416607	0.114	G>T	2	3	1	-20.730365634632
7	57944290	38	45	1.11267853416607	0.111	T>A	2	3	1	-20.730365634632
7	57944599	38	44	1.11267853416607	0.273	G>A	2	3	1	-10.9051365935805
7	57948718	38	44	1.11267853416607	0.136	G>T	2	3	1	-17.5193078795154
7	57953928	35	48	1.11267853416607	0.188	A>G	2	3	1	-13.7344460288009
7	57958476	37	47	1.11267853416607	0.106	A>T	2	3	1	-20.730365634632
7	57966006	38	71	1.11267853416607	0.408	C>G	2	3	1	-13.4623705906261
7	57967730	35	49	1.11267853416607	0.102	G>T	2	3	1	-21.9883099618694
7	57967906	39	56	1.11267853416607	0.179	T>A	2	3	1	-14.3527562266042
7	57973879	38	46	1.11267853416607	0.109	C>T	2	3	1	-20.730365634632
7	57977673	39	42	1.11267853416607	0.119	G>C	2	3	1	-19.5706059849824
7	57979108	37	43	1.11267853416607	0.116	G>A	2	3	1	-19.5706059849824
7	57979417	37	40	1.11267853416607	0.1	T>A	2	3	1	-21.9883099618694
7	57980130	35	40	1.11267853416607	0.2	A>G	2	3	1	-13.179699217977
7	57988156	36	88	1.11267853416607	0.125	A>C	2	3	1	-19.5706059849824
7	57992098	34	155	1.11267853416607	0.181	C>G	2	3	1	-14.3527562266042
7	57996775	36	58	1.11267853416607	0.121	T>A	2	3	1	-19.5706059849824
7	57997202	36	56	1.11267853416607	0.107	T>A	2	3	1	-20.730365634632
7	57999648	37	44	1.11267853416607	0.182	G>A	2	3	1	-14.3527562266042
7	57999654	37	41	1.11267853416607	0.122	T>C	2	3	1	-19.5706059849824
7	57999656	37	45	1.11267853416607	0.111	C>A	2	3	1	-20.730365634632
7	57999670	37	46	1.11267853416607	0.109	C>G	2	3	1	-20.730365634632
7	58006882	37	47	1.11267853416607	0.106	C>T	2	3	1	-20.730365634632
7	58007935	37	53	1.11267853416607	0.283	A>C	2	3	1	-10.7908517329019
7	58011527	36	45	1.11267853416607	0.156	C>A	2	3	1	-15.7908883907027
7	58011534	36	48	1.11267853416607	0.104	T>A	2	3	1	-21.9883099618694
7	58015006	34	146	1.11267853416607	0.26	T>C	2	3	1	-11.0693947504859
7	58015307	36	149	1.11267853416607	0.107	C>T	2	3	1	-20.730365634632
7	58015325	36	117	1.11267853416607	0.248	A>G	2	3	1	-11.2848162557061
7	58015343	36	133	1.11267853416607	0.451	T>C	2	3	2	-15.4465066896951
7	58021637	38	66	1.11267853416607	0.121	T>C	2	3	1	-19.5706059849824
7	58035285	37	41	1.11267853416607	0.146	T>A	2	3	1	-16.6169808546587
7	58036977	34	48	1.11267853416607	0.188	C>T	2	3	1	-13.7344460288009
7	58038411	36	43	1.11267853416607	0.14	C>A	2	3	1	-17.5193078795154
7	58039001	40	99	1.11267853416607	0.172	C>A	2	3	1	-15.0372550062101
7	61056439	37	81	1.09189614731084	0.111	G>A	2	2	0	-27.2672633222202
7	61056457	37	85	1.09189614731084	0.106	G>T	2	2	0	-27.2672633222202
7	61061381	29	64	1.09189614731084	0.25	T>C	2	2	1	-17.7129516412191
7	61061382	29	64	1.09189614731084	0.438	G>T	2	2	1	-10.8441843877139
7	61079861	34	127	1.09189614731084	0.165	A>C	2	2	1	-27.2780940395975
7	61084012	38	47	1.09189614731084	0.234	C>T	2	2	1	-19.426858443861
7	61084845	37	56	0.835086505944143	0.161	A>T	2	2	1	-27.0181987441936
7	61088543	39	66	0.835086505944143	0.167	G>T	2	2	1	-25.7024464415475
7	61089713	40	47	0.835086505944143	0.191	G>A	2	2	1	-23.2753996278313
7	61090469	40	60	1.07671322823493	0.1	C>T	2	2	0	-24.7740578696175
7	61286499	39	40	1.07671322823493	0.1	C>A	2	2	0	-24.7740578696175
7	61286513	39	46	1.07671322823493	0.283	T>C	2	2	1	-15.5326303639542
7	61664614	41	54	0.828857545483344	0.111	G>A	2	2	0	-27.103089375076
7	61747424	39	46	0.828857545483344	0.152	T>G	2	2	1	-28.5021314745628
7	61762907	34	63	0.828857545483344	0.159	C>A	2	2	1	-27.1139200924533
7	61762942	32	49	0.828857545483344	0.122	T>C	2	2	0	-29.6944795052664
7	61765313	35	59	0.828857545483344	0.186	G>C	2	2	1	-23.3711209760909
7	61770495	25	52	0.828857545483344	0.192	G>T	2	2	1	-23.3711209760909
7	61796742	36	60	0.828857545483344	0.117	A>T	2	2	0	-29.6944795052664
7	61796759	36	66	0.828857545483344	0.106	C>A	2	2	0	-27.103089375076
7	61821355	68	44	2.72086245273886	0.114	G>A	2	7	1	-10.2819258072477
7	61821356	68	50	2.72086245273886	0.1	C>T	2	7	1	-10.5392382541772
7	61822000	65	69	1.19693496530568	0.13	C>A	2	3	1	-18.3663210393263
7	61822332	54	60	1.19693496530568	0.117	G>T	2	3	1	-19.4347384260485
7	61828601	39	93	0.999785264042954	0.108	T>C	2	2	0	-27.0220963934857
7	61828877	32	117	0.999785264042954	0.111	T>G	2	2	0	-27.0220963934857
7	61830820	36	72	0.999785264042954	0.139	A>C	2	2	1	-29.8855844359829
7	61830822	36	68	0.999785264042954	0.118	T>C	2	2	0	-29.6134865236762
7	61848169	31	46	0.999785264042954	0.152	C>A	2	2	1	-28.4211384929726
7	61858955	36	41	0.999785264042954	0.146	T>C	2	2	1	-28.4211384929726
7	61908090	36	65	0.957055658348622	0.231	T>G	2	2	1	-19.118523701939
7	61908108	36	56	0.957055658348622	0.268	G>C	2	2	1	-15.9006994008645
7	61908126	36	44	0.957055658348622	0.205	C>T	2	2	1	-22.1100944523357
7	61908127	36	45	0.957055658348622	0.222	A>G	2	2	1	-20.0578871605585
7	61908137	36	44	0.957055658348622	0.182	T>C	2	2	1	-24.40738929727
7	61970659	37	53	1.54517847971461	0.264	G>A	2	4	1	-10.6688318378137
7	61971117	38	97	1.54517847971461	0.103	C>A	2	4	1	-15.8649559408481
7	61971272	37	90	1.54517847971461	0.1	A>G	2	4	1	-15.8649559408481
7	61975470	38	49	5.90886770358544	0.49	A>C	2	15	8	-10.3438657371109
7	61978933	34	61	3.42792905634869	0.18	T>C	2	8	2	-11.1298450232648
7	61981147	37	44	1.03475258756357	0.114	A>G	2	2	0	-27.1248694612656
7	61984056	39	49	1.03475258756357	0.367	A>T	2	2	1	-11.3986930273217
7	61990293	38	53	1.03475258756357	0.113	G>A	2	2	0	-27.1248694612656
7	61990300	38	44	1.03475258756357	0.136	G>T	2	2	1	-29.9883575037628
7	61990301	38	44	1.03475258756357	0.136	T>C	2	2	1	-29.9883575037628
7	61992553	39	51	1.03475258756357	0.137	G>C	2	2	1	-29.9883575037628
7	61992581	39	40	1.03475258756357	0.15	G>A	2	2	1	-28.5239115607525
7	61995405	38	45	1.03475258756357	0.111	G>A	2	2	0	-27.1248694612656
7	62022677	37	59	1.03475258756357	0.102	T>C	2	2	0	-24.631664008663
7	62027756	39	75	1.03475258756357	0.107	A>T	2	2	0	-27.1248694612656
7	62027927	34	56	1.03475258756357	0.161	A>G	2	2	1	-27.135700178643
7	62028520	39	48	0.973838461692955	0.104	T>C	2	2	0	-24.4657231276955
7	62028586	35	43	0.973838461692955	0.116	T>A	2	2	0	-29.5503187104887
7	62028618	35	62	0.973838461692955	0.145	A>G	2	2	1	-29.8224166227954
7	62028633	35	54	0.973838461692955	0.167	A>G	2	2	1	-25.6540069950294
7	62029700	36	40	0.973838461692955	0.125	C>G	2	2	0	-29.5503187104887
7	62047708	37	54	0.973838461692955	0.185	T>A	2	2	1	-24.40738929727
7	64890786	35	45	1.03448198247648	0.2	G>A	2	2	1	-22.2760353333031
7	64890790	35	43	1.03448198247648	0.209	A>C	2	2	1	-21.2203822884936
7	64890795	35	44	1.03448198247648	0.205	G>A	2	2	1	-22.2760353333031
7	64890796	35	44	1.03448198247648	0.205	G>A	2	2	1	-22.2760353333031
7	64890803	35	45	1.03448198247648	0.267	T>C	2	2	1	-16.0666402818319
7	64890820	35	41	1.03448198247648	0.195	A>C	2	2	1	-22.2760353333031
7	64962798	32	45	1.05174549837527	0.133	A>G	2	2	1	-31.5333571406612
7	65041918	31	54	1.05174549837527	0.167	T>C	2	2	1	-25.8199478759969
7	65041928	31	52	1.05174549837527	0.192	A>G	2	2	1	-23.3929010622806
7	65049185	26	41	1.05174549837527	0.122	C>G	2	2	0	-29.7162595914561
7	65058850	39	46	1.05174549837527	0.152	G>C	2	2	1	-28.5239115607525
7	65251479	46	41	1.05174549837527	0.122	C>T	2	2	0	-29.7162595914561
7	65313925	32	47	0.99329060026683	0.128	A>C	2	2	1	-31.4305840728813
7	65313930	32	46	0.99329060026683	0.13	G>A	2	2	1	-31.4305840728813
7	100550285	48	49	0.994929050622286	0.102	C>T	2	2	0	-24.5288909408831
7	151935254	25	52	1.03374937443792	0.212	A>T	2	2	1	-21.2203822884936
7	151980286	28	76	1.03374937443792	0.118	A>T	2	2	0	-29.7162595914561
7	152080569	43	43	1.03374937443792	0.326	T>C	2	2	1	-12.7227606962245
7	152108491	48	100	1.08212839395583	0.1	C>A	2	2	0	-24.7740578696175
7	155652414	37	56	0.988931215727482	0.125	C>T	2	2	0	-29.6134865236762
7	155652415	37	53	0.988931215727482	0.132	A>C	2	2	1	-31.4305840728813
8	12418195	22	54	0.826517446114376	0.13	A>G	2	2	1	-31.5115770544715
8	43486293	35	40	1.02228495765185	0.1	G>A	2	2	0	-24.631664008663
8	43486294	35	40	1.02228495765185	0.1	G>T	2	2	0	-24.631664008663
8	43673472	39	52	1.02228495765185	0.135	T>G	2	2	1	-29.9883575037628
8	43673522	39	51	1.02228495765185	0.118	G>C	2	2	0	-29.7162595914561
8	43766255	35	46	2.14315689423289	0.217	A>G	2	5	1	-10.5717942210682
8	43782904	36	41	2.14315689423289	0.171	A>T	2	5	1	-10.2544370261459
8	43794647	37	42	2.14315689423289	0.143	T>A	2	5	1	-10.8747604362759
8	43795962	37	46	2.14315689423289	0.348	A>G	2	5	2	-10.5253121860254
8	43795971	37	46	2.14315689423289	0.348	G>T	2	5	2	-10.5253121860254
8	43818674	33	40	2.14315689423289	0.125	A>G	2	5	1	-11.6849055662926
8	43821684	38	42	2.14315689423289	0.119	G>T	2	5	1	-11.6849055662926
8	46851841	37	54	1.96178553177887	0.278	T>C	2	5	2	-12.445031706453
8	46858734	34	40	1.96178553177887	0.15	T>A	2	5	1	-10.6828404148247
8	46869086	36	56	1.96178553177887	0.125	G>T	2	5	1	-11.774736081973
8	46882750	40	82	1.01518483636146	0.146	T>A	2	2	1	-28.4211384929726
8	46882821	34	188	1.01518483636146	0.191	T>C	2	2	1	-23.2901279945007
8	46885905	39	42	1.01518483636146	0.167	G>T	2	2	1	-25.717174808217
8	46898929	37	67	1.01518483636146	0.119	A>T	2	2	0	-29.6134865236762
8	130128356	33	41	1.01508848867065	0.146	C>G	2	2	1	-28.4211384929726
9	66456603	61	48	1.18331107931835	0.104	A>G	2	3	1	-21.8524424029355
9	66458027	70	75	1.18331107931835	0.12	G>C	2	3	1	-19.4347384260485
9	66458062	70	57	1.18331107931835	0.123	C>T	2	3	1	-19.4347384260485
9	66466987	52	49	1.18331107931835	0.143	C>T	2	3	1	-17.3834403205816
9	66471626	45	74	1.18331107931835	0.351	T>C	2	3	1	-11.1734043232378
9	66471730	45	81	1.18331107931835	0.185	A>C	2	3	1	-14.2168886676703
9	66486758	57	42	1.18331107931835	0.119	C>A	2	3	1	-19.4347384260485
9	66781776	36	42	1.18331107931835	0.214	G>C	2	3	1	-12.5502975323872
9	66782306	36	66	1.18331107931835	0.227	C>A	2	3	1	-11.7386176631071
9	66822425	36	161	1.18331107931835	0.118	T>A	2	3	1	-19.4347384260485
9	66822451	36	123	1.18331107931835	0.122	T>G	2	3	1	-19.4347384260485
9	66822468	36	101	1.18331107931835	0.149	A>G	2	3	1	-16.4811132957248
9	66845218	38	63	1.18331107931835	0.238	G>C	2	3	1	-11.4168361418959
9	66851057	35	70	1.18331107931835	0.1	A>C	2	3	1	-21.8524424029355
9	66853152	37	54	1.18331107931835	0.333	T>A	2	3	1	-10.7981029579605
9	66853298	36	61	1.18331107931835	0.115	A>G	2	3	1	-19.4347384260485
9	66853311	36	56	1.18331107931835	0.25	A>G	2	3	1	-11.1489486967723
9	66853323	36	51	1.18331107931835	0.216	G>A	2	3	1	-12.115862203573
9	66854713	38	52	1.18331107931835	0.327	A>C	2	3	1	-10.7981029579605
9	66854718	38	49	1.18331107931835	0.347	A>G	2	3	1	-11.1734043232378
9	67325835	34	59	1.18331107931835	0.186	G>A	2	3	1	-13.598578469867
9	68371119	39	93	1.18331107931835	0.151	A>C	2	3	1	-16.4811132957248
9	68380653	50	59	1.18331107931835	0.102	C>T	2	3	1	-21.8524424029355
9	68395672	55	56	1.18331107931835	0.125	G>T	2	3	1	-19.4347384260485
9	68395673	55	57	1.18331107931835	0.123	G>T	2	3	1	-19.4347384260485
9	68396884	34	132	1.18331107931835	0.121	G>A	2	3	1	-19.4347384260485
9	68397661	35	55	1.18331107931835	0.2	A>C	2	3	1	-13.0438316590431
9	68397704	35	93	1.18331107931835	0.387	C>T	2	3	1	-12.4413297966803
9	68398478	47	46	1.18331107931835	0.174	A>G	2	3	1	-14.9013874472762
9	68398493	47	45	1.18331107931835	0.267	A>G	2	3	1	-10.7692690346467
9	68398506	47	43	1.18331107931835	0.14	A>G	2	3	1	-17.3834403205816
9	68399190	30	43	1.18331107931835	0.116	G>T	2	3	1	-19.4347384260485
9	68399433	35	66	1.18331107931835	0.182	T>A	2	3	1	-14.2168886676703
9	68399977	44	47	1.18331107931835	0.128	A>T	2	3	1	-18.3663210393263
9	68400021	51	45	1.18331107931835	0.156	C>T	2	3	1	-15.6550208317688
9	68405532	40	69	1.18331107931835	0.188	A>T	2	3	1	-13.598578469867
9	68437150	27	40	1.18331107931835	0.175	A>C	2	3	1	-14.2168886676703
9	68438383	29	75	1.18331107931835	0.133	G>A	2	3	1	-18.3663210393263
9	68447602	44	66	1.18331107931835	0.152	A>C	2	3	1	-16.4811132957248
9	68451153	28	43	1.18331107931835	0.163	A>G	2	3	1	-15.6550208317688
9	68452843	29	114	1.18331107931835	0.123	A>G	2	3	1	-19.4347384260485
9	68456523	41	53	1.18331107931835	0.151	C>T	2	3	1	-16.4811132957248
9	68469396	41	42	1.18331107931835	0.167	A>T	2	3	1	-14.9013874472762
9	68494410	42	43	1.18331107931835	0.116	C>A	2	3	1	-19.4347384260485
9	68504849	37	62	1.18331107931835	0.145	G>T	2	3	1	-17.3834403205816
9	68504884	37	66	1.18331107931835	0.121	C>T	2	3	1	-19.4347384260485
9	68504887	37	64	1.18331107931835	0.125	A>G	2	3	1	-19.4347384260485
9	68695685	46	65	1.18331107931835	0.108	C>T	2	3	1	-20.5944980756981
9	68744115	23	71	1.18331107931835	0.197	T>C	2	3	1	-13.0438316590431
9	68996397	45	47	1.18331107931835	0.106	T>G	2	3	1	-20.5944980756981
9	69019014	43	50	1.18852308219233	0.16	A>T	2	3	1	-15.6550208317688
9	69050543	39	42	1.18852308219233	0.333	C>T	2	3	1	-10.7981029579605
9	69050979	34	48	1.18852308219233	0.104	T>C	2	3	1	-21.8524424029355
9	69058801	34	46	1.18852308219233	0.13	G>A	2	3	1	-18.3663210393263
9	69060236	36	99	1.18852308219233	0.101	A>T	2	3	1	-21.8524424029355
9	69067823	27	68	1.18852308219233	0.132	A>G	2	3	1	-18.3663210393263
9	69067826	27	67	1.18852308219233	0.104	A>G	2	3	1	-21.8524424029355
9	69085859	35	40	1.18852308219233	0.1	A>G	2	3	1	-21.8524424029355
9	69818494	46	47	1.03675518548577	0.149	T>C	2	2	1	-28.5239115607525
9	69828205	43	41	1.03675518548577	0.122	C>T	2	2	0	-29.7162595914561
9	69836596	29	46	1.03675518548577	0.283	T>A	2	2	1	-15.3902365029997
9	69836602	29	48	1.03675518548577	0.25	T>C	2	2	1	-17.5705577802646
9	69951143	38	41	1.0217307863633	0.122	G>T	2	2	0	-29.7162595914561
9	69974947	37	59	1.0217307863633	0.153	A>G	2	2	1	-28.5239115607525
9	69983900	37	40	1.10619593399773	0.1	G>A	2	3	1	-21.9883099618694
9	70168991	23	44	1.0527352123688	0.114	T>C	2	2	0	-27.1248694612656
9	122942514	31	41	0.889465322281787	0.22	G>T	2	2	1	-20.0504606027061
9	141060103	45	54	0.889465322281787	0.13	C>T	2	2	1	-31.3599897018413
9	141060120	45	57	0.889465322281787	0.123	G>T	2	2	0	-29.5428921526363
10	38483132	35	41	0.969019227546458	0.122	G>A	2	2	0	-29.5503187104887
10	38483147	35	43	0.969019227546458	0.163	C>T	2	2	1	-26.9697592976755
10	38483153	35	42	0.969019227546458	0.167	T>C	2	2	1	-25.6540069950294
10	38781903	39	50	0.705576277890833	0.1	G>A	2	1	0	-25.3635521016848
10	38869934	41	50	0.705576277890833	0.1	C>A	2	1	0	-25.3635521016848
10	38873006	40	53	0.705576277890833	0.113	G>T	2	1	0	-27.8567575542875
10	38873012	40	52	0.705576277890833	0.135	G>T	2	1	0	-35.8991491386911
10	38882908	36	69	0.832804403373977	0.101	G>C	2	2	0	-24.6098839224733
10	38885819	32	64	0.832804403373977	0.172	A>G	2	2	1	-25.7981677898072
10	38889924	30	42	0.988320652597028	0.214	A>G	2	2	1	-21.1176092207138
10	38940236	41	54	0.988320652597028	0.13	G>C	2	2	1	-31.4305840728813
10	38956802	39	52	0.988320652597028	0.115	A>C	2	2	0	-29.6134865236762
10	38956820	39	54	0.988320652597028	0.111	G>A	2	2	0	-27.0220963934857
10	38957926	41	40	0.988320652597028	0.1	A>G	2	2	0	-24.5288909408831
10	38974832	35	45	0.988320652597028	0.156	G>A	2	2	1	-27.0329271108631
10	38982592	45	63	0.988320652597028	0.254	C>T	2	2	1	-17.4677847124847
10	38982601	45	40	0.988320652597028	0.375	T>G	2	2	1	-11.0722225450176
10	38982642	45	51	0.988320652597028	0.235	G>T	2	2	1	-18.2977910757618
10	38988257	36	44	0.988320652597028	0.159	A>G	2	2	1	-27.0329271108631
10	39048190	60	44	0.988320652597028	0.159	G>A	2	2	1	-27.0329271108631
10	39048207	60	49	0.988320652597028	0.184	C>T	2	2	1	-24.4705571104575
10	39056774	33	45	0.988320652597028	0.178	G>T	2	2	1	-24.4705571104575
10	39060346	15	50	0.988320652597028	0.12	A>T	2	2	0	-29.6134865236762
10	39066615	44	60	0.988320652597028	0.1	A>G	2	2	0	-24.5288909408831
10	39077045	38	61	0.411271158329911	0.164	A>C	2	1	0	-41.3226786729865
10	39078022	38	52	0.798889679386865	0.115	C>T	2	2	0	-29.8301982657476
10	39078567	36	53	0.798889679386865	0.113	T>C	2	2	0	-27.2388081355571
10	39082762	41	63	0.798889679386865	0.111	C>T	2	2	0	-27.2388081355571
10	39093954	40	40	0.757289807044241	0.15	G>C	2	2	1	-28.8137414284765
10	39093958	40	40	0.757289807044241	0.125	G>T	2	2	0	-30.0060894591801
10	39097751	41	47	0.757289807044241	0.149	G>A	2	2	1	-28.8137414284765
10	39112409	37	43	0.912121323040567	0.116	C>T	2	2	0	-29.5267716904758
10	39114973	34	40	0.912121323040567	0.125	T>A	2	2	0	-29.5267716904758
10	39118952	38	44	0.912121323040567	0.25	A>T	2	2	1	-17.3810698792843
10	39120107	41	54	0.912121323040567	0.204	A>G	2	2	1	-22.0865474323228
10	39120128	41	63	0.912121323040567	0.206	T>A	2	2	1	-21.0308943875133
10	39120144	41	52	0.912121323040567	0.173	C>G	2	2	1	-25.6304599750165
10	39140594	43	46	0.912121323040567	0.109	A>T	2	2	0	-26.9353815602853
10	39140951	37	53	0.912121323040567	0.132	A>C	2	2	1	-31.3438692396808
10	39149746	38	43	0.912121323040567	0.279	G>A	2	2	1	-15.2007486020194
10	39149758	38	62	0.912121323040567	0.339	A>T	2	2	1	-12.1367918526104
10	39149759	38	63	0.912121323040567	0.333	T>A	2	2	1	-12.5332727952442
10	39149770	38	66	0.912121323040567	0.258	G>T	2	2	1	-16.6035294559104
10	39150298	39	52	0.912121323040567	0.192	G>A	2	2	1	-23.2034131613002
10	39151765	41	43	0.912121323040567	0.116	C>T	2	2	0	-29.5267716904758
10	42370125	39	79	0.772101677101055	0.101	C>A	2	2	0	-24.7456026829544
10	42370416	42	47	0.772101677101055	0.106	A>T	2	2	0	-27.2388081355571
10	42370450	42	58	0.772101677101055	0.103	G>A	2	2	0	-24.7456026829544
10	42370457	42	60	0.772101677101055	0.1	T>C	2	2	0	-24.7456026829544
10	42371208	38	60	0.772101677101055	0.117	C>A	2	2	0	-29.8301982657476
10	42371234	42	121	0.772101677101055	0.132	G>A	2	2	1	-31.6472958149526
10	42372473	42	75	0.772101677101055	0.147	G>T	2	2	1	-28.637850235044
10	42373426	42	52	0.772101677101055	0.154	C>T	2	2	1	-28.637850235044
10	42376883	41	59	0.772101677101055	0.186	T>C	2	2	1	-23.506839736572
10	42376909	41	40	0.772101677101055	0.25	A>T	2	2	1	-17.6844964545561
10	42389829	39	58	1.88397222086472	0.5	C>T	2	4	2	-10.8131120381266
10	42392207	35	542	1.88397222086472	0.17	G>A	2	4	1	-11.3751527138615
10	42398279	38	88	1.88397222086472	0.42	C>G	2	4	2	-10.8791678339927
10	42404956	34	74	1.24585317168353	0.149	T>G	2	3	1	-16.38510108068
10	42409319	34	77	1.24585317168353	0.117	A>C	2	3	1	-19.3387262110038
10	42411590	36	40	1.24585317168353	0.1	T>C	2	3	1	-21.7564301878907
10	42416118	34	40	1.24585317168353	0.175	T>G	2	3	1	-14.1208764526256
10	42446623	35	45	1.24585317168353	0.156	G>T	2	3	1	-15.559008616724
10	42449061	38	40	1.24585317168353	0.1	T>G	2	3	1	-21.7564301878907
10	42452908	38	45	1.24585317168353	0.156	G>C	2	3	1	-15.559008616724
10	42527684	37	77	1.24585317168353	0.117	T>C	2	3	1	-19.3387262110038
10	42528423	38	60	1.97016788310592	0.467	T>C	2	5	3	-12.2720846728385
10	42530405	39	67	1.97016788310592	0.149	T>A	2	5	1	-10.6828404148247
10	42532419	39	157	7.41966368363757	0.178	A>C	2	18	3	-9.90747834580232
10	42532922	35	777	7.41966368363757	0.156	C>T	2	18	3	-9.77172839020818
10	42535926	41	285	6.28276400313814	0.877	G>C	2	15	13	-10.1293872039754
10	42535940	41	166	6.28276400313814	0.735	A>T	2	15	11	-10.1333185899151
10	42535950	41	153	6.28276400313814	0.693	G>A	2	15	11	-10.2482181836627
10	42535971	37	119	6.28276400313814	0.546	C>G	2	15	8	-10.2914941825369
10	42616990	35	106	1.24431283741954	0.132	C>T	2	3	1	-18.2703088242816
10	42626489	32	90	1.24431283741954	0.111	G>A	2	3	1	-20.4984858606534
10	42626530	32	48	1.24431283741954	0.208	T>A	2	3	1	-12.4542853173424
10	42638738	42	40	1.24431283741954	0.125	C>T	2	3	1	-19.3387262110038
10	42641216	52	56	1.24431283741954	0.125	A>T	2	3	1	-19.3387262110038
10	42642072	40	43	1.24431283741954	0.116	C>T	2	3	1	-19.3387262110038
10	42642918	38	57	1.24431283741954	0.211	G>A	2	3	1	-12.4542853173424
10	42643132	40	44	1.24431283741954	0.136	A>T	2	3	1	-17.2874281055368
10	42643247	40	89	1.24431283741954	0.101	G>T	2	3	1	-21.7564301878907
10	42649640	30	65	1.24431283741954	0.138	T>C	2	3	1	-17.2874281055368
10	42656420	40	76	1.24431283741954	0.197	G>A	2	3	1	-12.9478194439984
10	42657003	40	54	1.24431283741954	0.241	A>C	2	3	1	-11.3208239268511
10	42657162	39	78	1.24431283741954	0.103	A>T	2	3	1	-21.7564301878907
10	42660497	24	96	1.24431283741954	0.167	T>A	2	3	1	-14.8053752322315
10	42663154	37	46	1.24431283741954	0.196	A>T	2	3	1	-12.9478194439984
10	42663160	37	43	1.24431283741954	0.209	G>A	2	3	1	-12.4542853173424
10	42663169	37	43	1.24431283741954	0.186	C>T	2	3	1	-13.5025662548223
10	42667195	35	45	1.24431283741954	0.2	T>G	2	3	1	-12.9478194439984
10	42667196	35	46	1.24431283741954	0.196	C>G	2	3	1	-12.9478194439984
10	42667238	34	67	1.24431283741954	0.134	G>A	2	3	1	-18.2703088242816
10	42668168	36	63	1.24431283741954	0.143	A>T	2	3	1	-17.2874281055368
10	42668891	36	51	1.24431283741954	0.157	T>A	2	3	1	-15.559008616724
10	42669673	30	41	1.24431283741954	0.146	T>C	2	3	1	-16.38510108068
10	42672468	59	68	1.24431283741954	0.103	A>G	2	3	1	-21.7564301878907
10	42678894	52	65	1.24431283741954	0.108	G>A	2	3	1	-20.4984858606534
10	42768983	24	46	1.24431283741954	0.283	G>A	2	3	1	-10.5589719589233
10	42775036	25	45	1.24431283741954	0.289	T>G	2	3	1	-10.4935717401882
10	42812495	41	46	0.715494728451524	0.109	A>T	2	2	0	-27.6309717833588
10	75444677	35	46	1.01176180708698	0.109	T>G	2	2	0	-27.0220963934857
10	127579032	29	40	0.94420764154402	0.2	C>T	2	2	1	-22.1100944523357
10	127579054	29	59	0.94420764154402	0.119	A>T	2	2	0	-29.5503187104887
10	127587751	50	47	0.94420764154402	0.106	T>A	2	2	0	-26.9589285802982
10	127615455	35	68	0.899918576868699	0.132	A>T	2	2	1	-31.3599897018413
10	133310867	43	49	0.899918576868699	0.143	C>T	2	2	1	-29.814990064943
10	133310876	43	49	0.899918576868699	0.327	A>G	2	2	1	-12.5493932574047
10	133310886	43	48	0.899918576868699	0.25	C>G	2	2	1	-17.3971903414448
10	135491044	78	42	1.83846874815171	0.333	G>A	2	4	1	-12.9946593328949
11	48712446	38	44	1.009426120344	0.159	T>C	2	2	1	-27.0329271108631
11	48738363	36	52	1.009426120344	0.212	T>A	2	2	1	-21.1176092207138
11	48802770	36	50	1.11286915633737	0.1	T>C	2	3	1	-21.9883099618694
11	48803147	35	57	1.11286915633737	0.14	C>A	2	3	1	-17.5193078795154
11	48808068	37	43	1.11286915633737	0.116	A>G	2	3	1	-19.5706059849824
11	48808072	37	42	1.11286915633737	0.119	A>T	2	3	1	-19.5706059849824
11	48820898	34	41	1.11286915633737	0.195	A>G	2	3	1	-13.179699217977
11	48829272	38	56	1.11286915633737	0.107	G>A	2	3	1	-20.730365634632
11	48831503	37	45	1.11286915633737	0.489	T>G	2	3	2	-13.3252800193067
11	48831508	37	41	1.11286915633737	0.439	C>T	2	3	1	-15.0963084471182
11	48850852	36	42	1.11286915633737	0.119	C>G	2	3	1	-19.5706059849824
11	48861410	34	43	1.11286915633737	0.14	T>C	2	3	1	-17.5193078795154
11	48861443	34	42	1.11286915633737	0.143	T>C	2	3	1	-17.5193078795154
11	48861447	34	43	1.11286915633737	0.14	G>C	2	3	1	-17.5193078795154
11	48880087	38	72	0.909	0.181	T>C	2	2	1	-24.3838422772571
11	48880119	38	40	0.612	0.225	A>G	2	1	0	-59.9718408289839
11	48880124	38	40	0.662	0.2	C>G	2	1	0	-53.8021222930736
11	48887312	39	48	1.23501037193614	0.146	A>C	2	3	1	-16.38510108068
11	48887333	39	54	1.23501037193614	0.111	C>T	2	3	1	-20.4984858606534
11	48888372	39	43	1.23501037193614	0.302	C>A	2	3	1	-10.4760593151036
11	48888379	39	40	1.23501037193614	0.125	G>A	2	3	1	-19.3387262110038
11	48888380	39	41	1.23501037193614	0.415	C>A	2	3	1	-13.7345930613197
11	48888389	39	40	1.23501037193614	0.1	T>A	2	3	1	-21.7564301878907
11	48896810	38	56	1.11225047985672	0.143	G>A	2	3	1	-17.5193078795154
11	48896842	38	58	1.11225047985672	0.121	T>C	2	3	1	-19.5706059849824
11	48896852	38	51	1.11225047985672	0.137	C>A	2	3	1	-17.5193078795154
11	48900401	38	46	1.11225047985672	0.457	G>A	2	3	2	-14.8565188725328
11	48936661	38	40	1.11225047985672	0.125	T>G	2	3	1	-19.5706059849824
11	48946543	36	65	1.3521795187044	0.108	G>T	2	3	1	-20.4266286879583
11	48947970	40	59	1.3521795187044	0.102	T>G	2	3	1	-21.6845730151956
11	48948003	40	77	1.3521795187044	0.117	G>A	2	3	1	-19.2668690383087
11	48948460	37	280	1.3521795187044	0.164	T>C	2	3	1	-15.487151444029
11	48955575	36	44	0.999880470457222	0.114	A>T	2	2	0	-27.0220963934857
11	48960737	39	53	0.999880470457222	0.113	C>T	2	2	0	-27.0220963934857
11	48960786	39	51	0.999880470457222	0.137	A>G	2	2	1	-29.8855844359829
11	50660669	38	60	1.01341377042073	0.1	A>G	2	2	0	-24.5288909408831
11	50661770	37	48	1.01341377042073	0.208	C>T	2	2	1	-21.1176092207138
11	50692695	38	44	1.01341377042073	0.114	G>A	2	2	0	-27.0220963934857
11	50698773	37	57	1.01341377042073	0.105	G>A	2	2	0	-24.5288909408831
11	50698795	37	58	1.01341377042073	0.138	C>A	2	2	1	-29.8855844359829
11	50701184	38	55	1.01341377042073	0.127	A>C	2	2	1	-31.4305840728813
11	50701202	38	60	1.01341377042073	0.1	T>C	2	2	0	-24.5288909408831
11	50713630	36	44	1.57	0.159	A>C	2	4	1	-11.8135810353123
11	50719676	38	44	1.08795416754364	0.114	C>A	2	2	0	-27.2672633222202
11	50722784	36	70	1.08795416754364	0.129	A>C	2	2	1	-31.6757510016157
11	50722821	36	68	1.08795416754364	0.132	G>T	2	2	1	-31.6757510016157
11	50724291	35	68	1.08795416754364	0.279	G>A	2	2	1	-15.5326303639542
11	50724380	35	60	1.08795416754364	0.2	C>T	2	2	1	-22.4184291942576
11	50725212	36	208	1.08795416754364	0.159	A>G	2	2	1	-27.2780940395975
11	50725231	36	208	1.08795416754364	0.13	A>C	2	2	1	-31.6757510016157
11	50725232	36	213	1.08795416754364	0.174	C>A	2	2	1	-25.9623417369514
11	50730189	37	115	1.08795416754364	0.13	T>A	2	2	1	-31.6757510016157
11	50731450	36	40	1.08795416754364	0.1	G>A	2	2	0	-24.7740578696175
11	50731495	36	45	1.08795416754364	0.111	A>G	2	2	0	-27.2672633222202
11	50740135	34	106	1.08795416754364	0.66	T>C	2	2	1	-21.4879104830568
11	50740183	39	116	1.08795416754364	0.612	T>C	2	2	1	-17.3363932340793
11	50742805	38	266	1.30938601943955	0.117	G>A	2	3	1	-19.2668690383087
11	50747490	37	51	1.30938601943955	0.333	C>A	2	3	1	-10.6302335702207
11	50747529	37	86	1.30938601943955	0.221	A>G	2	3	1	-11.9479928158332
11	50747551	37	76	1.30938601943955	0.329	G>T	2	3	1	-10.6302335702207
11	50753125	36	62	1.30938601943955	0.21	C>T	2	3	1	-12.3824281446474
11	50753154	36	206	1.30938601943955	0.684	T>C	2	3	2	-11.7459832770759
11	50753159	36	204	1.30938601943955	0.696	G>A	2	3	2	-12.5062698595997
11	50753197	36	504	1.30938601943955	0.843	G>C	2	3	3	-12.051489677901
11	50754671	38	42	1.30938601943955	0.119	T>C	2	3	1	-19.2668690383087
11	50767315	38	58	1.30938601943955	0.172	T>C	2	3	1	-14.7335180595364
11	51568577	37	114	2.08888305824007	0.263	A>T	2	5	1	-11.8717651599476
11	51569221	38	71	2.08888305824007	0.169	A>G	2	5	1	-10.2544370261459
11	51571269	38	48	2.08888305824007	0.146	C>A	2	5	1	-10.5930098991442
11	51576615	37	63	2.08888305824007	0.159	G>C	2	5	1	-10.3874939229133
11	51576692	37	59	2.08888305824007	0.119	A>T	2	5	1	-11.6849055662926
11	51582421	39	109	6.18929612356945	0.404	C>T	2	15	6	-10.1339191008426
11	51592041	38	55	1.58248078662349	0.109	A>G	2	4	1	-14.9646860578826
11	51592048	38	55	1.58248078662349	0.145	G>T	2	4	1	-12.8266516355815
11	54804039	36	43	0.91142739242052	0.14	G>T	2	2	1	-29.7988696027825
11	54929025	34	40	0.966758080400091	0.225	T>A	2	2	1	-20.0578871605585
11	54941886	38	50	0.966758080400091	0.1	A>G	2	2	0	-24.4657231276955
11	54941907	38	55	0.966758080400091	0.109	G>T	2	2	0	-26.9589285802982
11	54942296	37	56	0.966758080400091	0.196	A>C	2	2	1	-22.1100944523357
11	54962206	35	43	0.99621869331409	0.116	G>C	2	2	0	-29.6134865236762
11	54982812	36	49	0.99621869331409	0.122	T>C	2	2	0	-29.6134865236762
11	54983136	36	67	0.99621869331409	0.119	C>G	2	2	0	-29.6134865236762
11	55006961	36	45	1.03015902871248	0.556	C>A	2	2	1	-14.0840043524512
11	55008865	38	75	1.03015902871248	0.107	A>T	2	2	0	-27.1248694612656
11	55015259	36	114	1.03015902871248	0.123	G>C	2	2	0	-29.7162595914561
11	55026929	38	46	1.03015902871248	0.109	C>A	2	2	0	-27.1248694612656
12	11166915	39	40	0.954482300782256	0.2	T>C	2	2	1	-22.1100944523357
12	11166918	39	41	0.954482300782256	0.195	G>A	2	2	1	-22.1100944523357
12	11240631	30	40	0.964242531014525	0.15	A>C	2	2	1	-28.3579706797851
12	11240633	30	42	0.964242531014525	0.143	T>A	2	2	1	-29.8224166227954
12	11240647	30	40	0.964242531014525	0.15	A>G	2	2	1	-28.3579706797851
12	11285497	25	40	0.964242531014525	0.175	C>G	2	2	1	-24.40738929727
12	11285498	25	40	0.964242531014525	0.175	A>G	2	2	1	-24.40738929727
12	34835070	35	81	1.37232837539155	0.111	T>A	2	3	1	-20.451167579023
12	34836494	39	59	1.37232837539155	0.119	T>A	2	3	1	-19.2914079293734
12	34837133	36	55	1.37232837539155	0.127	A>G	2	3	1	-18.2229905426513
12	34839060	37	40	1.37232837539155	0.2	C>G	2	3	1	-12.900501162368
12	34840746	35	43	1.37232837539155	0.14	T>G	2	3	1	-17.2401098239065
12	34847042	38	40	1.37232837539155	0.2	C>T	2	3	1	-12.900501162368
12	34849803	36	179	1.37232837539155	0.38	C>T	2	3	1	-11.9176019686262
12	34849827	36	132	1.37232837539155	0.545	G>A	2	3	2	-11.0543483498966
12	34849840	36	134	1.37232837539155	0.478	T>G	2	3	2	-13.5168014125875
12	34849984	32	76	1.37232837539155	0.263	C>A	2	3	1	-10.7901966948769
12	37857115	27	56	1.21534029550681	0.107	C>T	2	3	1	-20.4984858606534
12	37857119	27	55	1.21534029550681	0.109	C>A	2	3	1	-20.4984858606534
12	37877046	45	51	1.21534029550681	0.118	T>C	2	3	1	-19.3387262110038
12	37877128	32	56	1.21534029550681	0.143	T>C	2	3	1	-17.2874281055368
12	37877395	29	53	1.21534029550681	0.132	C>T	2	3	1	-18.2703088242816
12	37877440	29	55	1.21534029550681	0.218	G>C	2	3	1	-12.0198499885283
12	37877459	29	46	1.21534029550681	0.152	T>G	2	3	1	-16.38510108068
12	37877477	34	42	1.21534029550681	0.214	A>T	2	3	1	-12.4542853173424
12	37889789	29	46	1.21534029550681	0.196	C>T	2	3	1	-12.9478194439984
12	37895311	38	40	1.21534029550681	0.15	G>C	2	3	1	-16.38510108068
12	37993059	38	40	1.21534029550681	0.1	T>C	2	3	1	-21.7564301878907
12	37998870	36	67	1.21534029550681	0.433	A>G	2	3	1	-14.2793202367613
12	37998874	36	64	1.21534029550681	0.453	G>A	2	3	2	-15.2146269157165
12	37998875	36	60	1.21534029550681	0.117	T>A	2	3	1	-19.3387262110038
12	37998882	36	62	1.21534029550681	0.113	T>C	2	3	1	-20.4984858606534
12	38009000	36	69	1.21534029550681	0.145	C>T	2	3	1	-17.2874281055368
12	38009022	36	298	1.21534029550681	0.205	A>T	2	3	1	-12.9478194439984
12	38009676	39	45	1.21534029550681	0.133	A>T	2	3	1	-18.2703088242816
12	38033731	39	46	1.21534029550681	0.109	G>T	2	3	1	-20.4984858606534
12	38040016	38	45	1.21534029550681	0.111	G>A	2	3	1	-20.4984858606534
12	38044666	35	62	0.811771009003846	0.113	G>T	2	2	0	-27.103089375076
12	38045529	35	41	0.811771009003846	0.146	A>T	2	2	1	-28.5021314745628
12	38045947	37	45	0.811771009003846	0.133	A>T	2	2	1	-31.5115770544715
12	38049379	37	70	1.36965110265175	0.2	G>T	2	3	1	-12.900501162368
12	38071386	37	41	1.36965110265175	0.122	T>G	2	3	1	-19.2914079293734
12	38092791	36	42	1.36965110265175	0.143	A>C	2	3	1	-17.2401098239065
12	38093230	39	73	1.36965110265175	0.11	C>A	2	3	1	-20.451167579023
12	38093284	35	41	1.36965110265175	0.22	G>T	2	3	1	-11.9725317068979
12	38097804	36	85	1.36965110265175	0.106	A>C	2	3	1	-20.451167579023
12	38097850	36	61	1.36965110265175	0.262	A>C	2	3	1	-10.7901966948769
12	38113216	38	84	1.36965110265175	0.131	C>G	2	3	1	-18.2229905426513
12	38124972	36	52	0.882813374565551	0.135	T>C	2	2	1	-29.814990064943
12	38127086	36	67	0.882813374565551	0.179	T>G	2	2	1	-24.3999627394176
12	38127108	36	58	0.882813374565551	0.121	C>G	2	2	0	-29.5428921526363
12	38167406	35	90	0.908132725216898	0.244	C>G	2	2	1	-18.2110762425614
12	38256551	35	54	0.908132725216898	0.111	G>A	2	2	0	-26.9353815602853
12	38384317	36	41	0.908132725216898	0.122	G>A	2	2	0	-29.5267716904758
12	38388977	38	48	0.908132725216898	0.188	G>T	2	2	1	-23.2034131613002
12	38398945	36	41	0.908132725216898	0.22	G>C	2	2	1	-20.0343401405456
12	38398962	36	43	0.908132725216898	0.14	T>A	2	2	1	-29.7988696027825
12	38399463	40	48	0.908132725216898	0.146	T>C	2	2	1	-28.3344236597722
13	63609589	26	40	0.964276866787837	0.225	A>G	2	2	1	-20.0578871605585
13	63609595	26	40	0.964276866787837	0.225	A>G	2	2	1	-20.0578871605585
14	19012861	37	84	0.997741322568533	0.119	A>C	2	2	0	-29.6134865236762
14	19013229	37	80	0.997741322568533	0.125	G>T	2	2	0	-29.6134865236762
14	19013285	35	85	0.997741322568533	0.176	C>T	2	2	1	-24.4705571104575
14	19025921	37	92	0.997741322568533	0.217	C>A	2	2	1	-20.121054973746
14	19026259	38	72	0.997741322568533	0.25	A>G	2	2	1	-17.4677847124847
14	19026982	38	79	0.997741322568533	0.114	T>A	2	2	0	-27.0220963934857
14	19033838	35	60	0.997741322568533	0.15	T>C	2	2	1	-28.4211384929726
14	19041144	40	170	0.997741322568533	0.241	G>T	2	2	1	-18.2977910757618
14	19041163	40	175	0.997741322568533	0.24	C>T	2	2	1	-18.2977910757618
14	19046774	37	62	0.997741322568533	0.161	T>C	2	2	1	-27.0329271108631
14	19047075	39	40	0.997741322568533	0.1	C>T	2	2	0	-24.5288909408831
14	19068044	26	47	0.997741322568533	0.106	A>G	2	2	0	-27.0220963934857
14	19622308	36	45	0.997741322568533	0.2	A>T	2	2	1	-22.1732622655232
14	19826750	55	47	0.997741322568533	0.17	C>G	2	2	1	-25.717174808217
14	21679132	33	40	0.95993682868835	0.1	A>G	2	2	0	-24.4657231276955
14	28303633	25	40	0.95993682868835	0.125	G>A	2	2	0	-29.5503187104887
15	20006227	37	62	0.931474748523845	0.145	C>A	2	2	1	-29.7988696027825
15	20009123	38	56	0.931474748523845	0.107	C>T	2	2	0	-26.9353815602853
15	20009167	38	50	0.931474748523845	0.12	C>A	2	2	0	-29.5267716904758
15	20012477	35	56	0.974884841772581	0.125	C>T	2	2	0	-29.5503187104887
15	20013960	37	51	0.974884841772581	0.137	A>T	2	2	1	-29.8224166227954
15	20013981	37	48	0.974884841772581	0.104	T>C	2	2	0	-24.4657231276955
15	20018949	36	47	0.974884841772581	0.17	G>A	2	2	1	-25.6540069950294
15	20020882	33	74	0.974884841772581	0.122	A>G	2	2	0	-29.5503187104887
15	20020887	33	79	0.974884841772581	0.127	G>T	2	2	1	-31.3674162596937
15	20024353	36	40	0.974884841772581	0.15	T>C	2	2	1	-28.3579706797851
15	20033131	37	40	0.974884841772581	0.1	A>G	2	2	0	-24.4657231276955
15	20041600	37	65	0.974884841772581	0.169	G>A	2	2	1	-25.6540069950294
15	20042031	35	128	0.974884841772581	0.109	A>G	2	2	0	-26.9589285802982
15	20045110	37	40	0.974884841772581	0.375	G>C	2	2	1	-11.0090547318301
15	20100825	31	46	0.974884841772581	0.152	A>C	2	2	1	-28.3579706797851
15	20100832	31	50	0.974884841772581	0.14	T>C	2	2	1	-29.8224166227954
15	20100850	31	51	0.974884841772581	0.137	T>C	2	2	1	-29.8224166227954
15	20111323	33	50	0.974884841772581	0.14	A>G	2	2	1	-29.8224166227954
15	20111334	33	41	0.974884841772581	0.122	A>G	2	2	0	-29.5503187104887
15	20114861	30	111	0.974884841772581	0.108	A>G	2	2	0	-26.9589285802982
15	20114902	32	126	0.974884841772581	0.151	A>G	2	2	1	-28.3579706797851
15	20118701	24	62	0.974884841772581	0.129	C>A	2	2	1	-31.3674162596937
15	20124659	34	41	0.974884841772581	0.195	C>T	2	2	1	-22.1100944523357
15	20124681	34	45	0.974884841772581	0.178	T>G	2	2	1	-24.40738929727
15	20124971	38	46	0.974884841772581	0.239	C>T	2	2	1	-18.2346232625743
15	20127854	34	45	0.974884841772581	0.133	C>G	2	2	1	-31.3674162596937
15	20136807	34	49	0.974884841772581	0.122	A>T	2	2	0	-29.5503187104887
15	20501831	42	126	0.974884841772581	0.103	T>C	2	2	0	-24.4657231276955
15	20501836	42	129	0.974884841772581	0.101	C>T	2	2	0	-24.4657231276955
15	20544495	56	41	0.974884841772581	0.122	A>T	2	2	0	-29.5503187104887
15	20544504	56	52	0.974884841772581	0.115	T>G	2	2	0	-29.5503187104887
15	21345896	30	71	0.974884841772581	0.183	C>A	2	2	1	-24.40738929727
15	22673681	46	40	0.904581080335059	0.225	G>A	2	2	1	-20.0504606027061
15	28739198	28	45	0.869422718244593	0.178	G>A	2	2	1	-24.3999627394176
16	30295683	42	40	0.953053537963186	0.125	A>T	2	2	0	-29.5503187104887
16	31841218	38	50	0.953053537963186	0.14	A>G	2	2	1	-29.8224166227954
16	31841233	38	52	0.953053537963186	0.135	C>G	2	2	1	-29.8224166227954
16	32103178	34	40	2.09487684331905	0.1	A>G	2	5	1	-12.8614565677294
16	32133210	32	41	0.958630234949468	0.146	G>A	2	2	1	-28.3579706797851
16	32136427	27	54	0.958630234949468	0.111	C>G	2	2	0	-26.9589285802982
16	32139250	30	55	0.958630234949468	0.109	T>A	2	2	0	-26.9589285802982
16	32139264	30	60	0.958630234949468	0.1	G>A	2	2	0	-24.4657231276955
16	32151006	25	40	0.958630234949468	0.175	T>A	2	2	1	-24.40738929727
16	32152499	29	48	0.958630234949468	0.104	A>G	2	2	0	-24.4657231276955
16	32364883	50	51	0.958630234949468	0.176	T>A	2	2	1	-24.40738929727
16	32364895	45	56	0.958630234949468	0.179	A>T	2	2	1	-24.40738929727
16	32365591	43	59	0.958630234949468	0.102	C>T	2	2	0	-24.4657231276955
16	32365604	43	55	0.958630234949468	0.109	C>A	2	2	0	-26.9589285802982
16	32372814	41	47	0.958630234949468	0.106	G>T	2	2	0	-26.9589285802982
16	32384437	49	40	0.958630234949468	0.125	C>A	2	2	0	-29.5503187104887
16	32387053	51	42	0.958630234949468	0.167	G>A	2	2	1	-25.6540069950294
16	32388700	38	44	0.958630234949468	0.136	T>G	2	2	1	-29.8224166227954
16	32392397	41	48	0.958630234949468	0.104	A>C	2	2	0	-24.4657231276955
16	32393956	34	63	0.958630234949468	0.127	C>A	2	2	1	-31.3674162596937
16	32400049	31	57	0.958630234949468	0.228	A>T	2	2	1	-19.118523701939
16	32402183	34	40	0.958630234949468	0.125	C>T	2	2	0	-29.5503187104887
16	32413104	28	55	0.958630234949468	0.127	G>A	2	2	1	-31.3674162596937
16	32423706	40	46	0.958630234949468	0.109	T>C	2	2	0	-26.9589285802982
16	32429703	50	60	0.958630234949468	0.217	C>G	2	2	1	-20.0578871605585
16	32429743	50	49	0.958630234949468	0.184	G>C	2	2	1	-24.40738929727
16	32432565	31	61	0.958630234949468	0.18	T>G	2	2	1	-24.40738929727
16	32432620	31	71	0.958630234949468	0.254	C>T	2	2	1	-17.4046168992972
16	32435298	48	47	0.958630234949468	0.106	T>C	2	2	0	-26.9589285802982
16	32436273	30	55	0.958630234949468	0.218	C>T	2	2	1	-20.0578871605585
16	32436292	30	65	0.958630234949468	0.138	C>G	2	2	1	-29.8224166227954
16	32436325	30	57	0.958630234949468	0.158	A>C	2	2	1	-26.9697592976755
16	32438518	42	82	0.958630234949468	0.159	C>T	2	2	1	-26.9697592976755
16	32438545	42	79	0.958630234949468	0.139	C>A	2	2	1	-29.8224166227954
16	32438554	42	67	0.958630234949468	0.119	G>A	2	2	0	-29.5503187104887
16	32438556	42	67	0.958630234949468	0.134	C>A	2	2	1	-31.3674162596937
16	32438937	29	50	0.958630234949468	0.1	A>T	2	2	0	-24.4657231276955
16	32443041	30	75	0.958630234949468	0.12	C>T	2	2	0	-29.5503187104887
16	32443053	30	80	0.958630234949468	0.138	A>G	2	2	1	-29.8224166227954
16	32459994	33	71	0.958630234949468	0.113	A>C	2	2	0	-26.9589285802982
16	32467574	35	47	0.958630234949468	0.106	C>T	2	2	0	-26.9589285802982
16	32467937	41	55	0.958630234949468	0.236	G>A	2	2	1	-18.2346232625743
16	32488119	48	40	0.958630234949468	0.125	T>G	2	2	0	-29.5503187104887
16	32513443	34	51	0.958630234949468	0.216	G>A	2	2	1	-20.0578871605585
16	32563395	37	77	0.916765673266267	0.143	A>G	2	2	1	-29.7988696027825
16	32563406	37	79	0.916765673266267	0.114	A>T	2	2	0	-26.9353815602853
16	32819634	41	50	0.916765673266267	0.1	A>G	2	2	0	-24.4421761076826
16	32827436	33	80	0.916765673266267	0.15	T>G	2	2	1	-28.3344236597722
16	32827462	28	75	0.916765673266267	0.2	T>A	2	2	1	-22.0865474323228
16	32828452	42	77	0.916765673266267	0.156	A>G	2	2	1	-26.9462122776626
16	32832483	34	42	0.916765673266267	0.143	G>T	2	2	1	-29.7988696027825
16	32832487	34	44	0.916765673266267	0.182	G>A	2	2	1	-24.3838422772571
16	32839027	48	155	0.916765673266267	0.116	A>C	2	2	0	-29.5267716904758
16	32839046	48	153	0.916765673266267	0.111	A>G	2	2	0	-26.9353815602853
16	32839307	46	63	0.916765673266267	0.111	T>C	2	2	0	-26.9353815602853
16	32839314	46	65	0.916765673266267	0.123	C>T	2	2	0	-29.5267716904758
16	32839323	46	71	0.916765673266267	0.141	G>A	2	2	1	-29.7988696027825
16	33046562	39	46	1.18556142358988	0.109	C>T	2	3	1	-20.5944980756981
16	33054359	56	66	1.18556142358988	0.152	A>G	2	3	1	-16.4811132957248
16	33055985	32	54	1.18556142358988	0.111	G>A	2	3	1	-20.5944980756981
16	33060183	43	76	1.18556142358988	0.145	C>A	2	3	1	-17.3834403205816
16	33064842	46	62	1.18556142358988	0.129	C>G	2	3	1	-18.3663210393263
16	33064860	46	54	1.18556142358988	0.148	A>G	2	3	1	-16.4811132957248
16	33064866	46	54	1.18556142358988	0.148	G>A	2	3	1	-16.4811132957248
16	33067954	39	46	1.18556142358988	0.109	C>T	2	3	1	-20.5944980756981
16	33067959	39	47	1.18556142358988	0.128	G>A	2	3	1	-18.3663210393263
16	33068876	40	50	1.18556142358988	0.18	G>T	2	3	1	-14.2168886676703
16	33083229	24	75	1.18556142358988	0.107	T>C	2	3	1	-20.5944980756981
16	33083233	24	74	1.18556142358988	0.108	T>C	2	3	1	-20.5944980756981
16	33083239	24	74	1.18556142358988	0.108	A>T	2	3	1	-20.5944980756981
16	33523634	18	58	0.951775133969528	0.155	T>A	2	2	1	-26.9697592976755
16	33575742	38	88	0.951775133969528	0.102	A>T	2	2	0	-24.4657231276955
16	33575863	38	48	0.951775133969528	0.125	A>G	2	2	0	-29.5503187104887
16	33582177	28	45	0.951775133969528	0.111	A>C	2	2	0	-26.9589285802982
16	33582406	27	65	0.951775133969528	0.123	G>T	2	2	0	-29.5503187104887
16	33834497	31	52	0.951775133969528	0.154	A>G	2	2	1	-28.3579706797851
16	33834561	26	46	0.951775133969528	0.13	A>G	2	2	1	-31.3674162596937
16	33834899	27	49	0.951775133969528	0.102	G>A	2	2	0	-24.4657231276955
16	33834932	27	47	0.951775133969528	0.128	G>T	2	2	1	-31.3674162596937
16	33849299	25	75	0.951775133969528	0.107	G>T	2	2	0	-26.9589285802982
16	33896649	37	68	0.704576981661461	0.103	C>G	2	1	0	-25.3635521016848
16	33905839	35	106	0.904696529282033	0.104	A>T	2	2	0	-24.4582965698431
16	33905864	35	43	0.904696529282033	0.163	G>C	2	2	1	-26.9623327398231
16	33905867	35	48	0.904696529282033	0.146	C>A	2	2	1	-28.3505441219327
16	33906615	37	51	0.904696529282033	0.137	G>T	2	2	1	-29.814990064943
16	33906633	37	55	0.904696529282033	0.109	T>C	2	2	0	-26.9515020224458
16	33906636	37	54	0.904696529282033	0.167	C>T	2	2	1	-25.646580437177
16	33906660	37	52	0.904696529282033	0.192	T>A	2	2	1	-23.2195336234608
16	33906663	37	54	0.904696529282033	0.185	C>A	2	2	1	-24.3999627394176
16	33906667	37	53	0.904696529282033	0.17	C>G	2	2	1	-25.646580437177
16	33925694	25	41	0.904696529282033	0.146	A>G	2	2	1	-28.3505441219327
16	33933434	37	84	0.904696529282033	0.19	G>A	2	2	1	-23.2195336234608
16	33933453	37	77	0.904696529282033	0.104	G>A	2	2	0	-24.4582965698431
16	33947581	36	63	0.904696529282033	0.127	A>T	2	2	1	-31.3599897018413
16	33949258	40	48	0.904696529282033	0.125	C>G	2	2	0	-29.5428921526363
16	33968970	36	138	0.904696529282033	0.196	T>C	2	2	1	-22.1026678944833
16	33969169	36	150	0.904696529282033	0.153	C>T	2	2	1	-28.3505441219327
16	33996401	36	142	0.538805679939423	0.127	T>A	2	1	0	-32.1710656390851
16	34001017	39	46	0.862270117625998	0.196	C>G	2	2	1	-22.1585338988538
16	34002135	39	53	0.862270117625998	0.113	C>A	2	2	0	-27.0073680268163
16	34009292	36	84	0.862270117625998	0.25	G>C	2	2	1	-17.4530563458153
16	34013786	36	51	0.944736688635359	0.137	C>T	2	2	1	-29.8224166227954
16	34015228	37	149	0.944736688635359	0.154	T>A	2	2	1	-28.3579706797851
16	34022557	35	67	0.869174021931731	0.149	G>A	2	2	1	-28.3505441219327
16	34022594	40	57	0.869174021931731	0.175	G>A	2	2	1	-24.3999627394176
16	34022615	40	60	0.869174021931731	0.1	A>C	2	2	0	-24.4582965698431
16	34183678	33	57	0.869174021931731	0.158	C>T	2	2	1	-26.9623327398231
16	34189454	37	46	0.869174021931731	0.13	T>C	2	2	1	-31.3599897018413
16	34193454	36	57	0.869174021931731	0.105	T>A	2	2	0	-24.4582965698431
16	34196310	37	62	0.869174021931731	0.113	C>T	2	2	0	-26.9515020224458
16	35206959	35	40	0.866	0.125	G>T	2	2	0	-29.5987581570068
16	35206980	35	46	0.957	0.109	C>T	2	2	0	-26.9589285802982
16	35223390	34	43	1.38389054071555	0.116	C>G	2	3	1	-19.2914079293734
16	35230135	39	113	1.38389054071555	0.204	T>C	2	3	1	-12.900501162368
16	35232173	37	158	1.38389054071555	0.259	G>A	2	3	1	-10.7901966948769
16	35232182	37	155	1.38389054071555	0.271	C>T	2	3	1	-10.6259385379716
16	35232205	37	194	1.38389054071555	0.216	T>G	2	3	1	-11.9725317068979
16	35232209	37	191	1.38389054071555	0.22	G>T	2	3	1	-11.9725317068979
16	35237496	36	70	1.38389054071555	0.129	T>C	2	3	1	-18.2229905426513
16	35259326	39	115	1.38389054071555	0.122	T>C	2	3	1	-19.2914079293734
16	35269728	36	133	1.38389054071555	0.15	G>T	2	3	1	-16.3377827990497
16	35269741	36	152	1.38389054071555	0.138	A>C	2	3	1	-17.2401098239065
16	35269748	36	208	1.38389054071555	0.101	T>C	2	3	1	-21.7091119062604
16	35270171	34	58	1.38389054071555	0.138	A>G	2	3	1	-17.2401098239065
16	35270606	37	51	1.38389054071555	0.157	C>A	2	3	1	-15.5116903350937
16	35275051	38	56	1.38389054071555	0.179	G>T	2	3	1	-14.0735581709952
16	35275084	38	47	1.38389054071555	0.128	A>T	2	3	1	-18.2229905426513
16	35275089	38	46	1.38389054071555	0.109	C>A	2	3	1	-20.451167579023
16	35275343	35	95	1.38389054071555	0.126	A>T	2	3	1	-18.2229905426513
16	35279627	38	49	1.38389054071555	0.122	A>C	2	3	1	-19.2914079293734
16	35280019	37	42	1.38389054071555	0.167	G>A	2	3	1	-14.7580569506011
16	35284418	35	40	1.38389054071555	0.1	C>A	2	3	1	-21.7091119062604
16	46442440	35	74	0.923551970251414	0.108	A>G	2	2	0	-26.9353815602853
16	46452115	37	50	0.923551970251414	0.1	T>C	2	2	0	-24.4421761076826
16	46457182	37	47	0.923551970251414	0.128	A>G	2	2	1	-31.3438692396808
16	46472590	34	40	0.923551970251414	0.1	T>C	2	2	0	-24.4421761076826
16	46478650	47	42	0.923551970251414	0.119	T>C	2	2	0	-29.5267716904758
16	46478663	47	47	0.923551970251414	0.17	G>T	2	2	1	-25.6304599750165
16	46478670	47	51	0.923551970251414	0.118	G>A	2	2	0	-29.5267716904758
16	46479096	39	45	0.923551970251414	0.156	A>G	2	2	1	-26.9462122776626
16	46479097	39	44	0.923551970251414	0.159	C>T	2	2	1	-26.9462122776626
16	46479365	40	63	0.923551970251414	0.127	A>G	2	2	1	-31.3438692396808
16	46479391	40	64	0.923551970251414	0.109	A>G	2	2	0	-26.9353815602853
16	46479708	44	59	0.923551970251414	0.102	G>A	2	2	0	-24.4421761076826
16	46480129	26	105	0.923551970251414	0.105	T>C	2	2	0	-24.4421761076826
16	46491171	36	69	0.923551970251414	0.188	G>T	2	2	1	-23.2034131613002
17	164552	56	41	0.991189000449374	0.122	T>C	2	2	0	-29.6134865236762
17	164914	55	46	0.991189000449374	0.109	T>C	2	2	0	-27.0220963934857
17	16069338	35	40	1.00062362148698	0.1	T>C	2	2	0	-24.5288909408831
17	16072312	48	44	1.00062362148698	0.114	G>A	2	2	0	-27.0220963934857
17	16111142	39	46	1.00062362148698	0.457	G>T	2	2	1	-10.7653387735532
17	16111145	39	46	1.00062362148698	0.435	T>A	2	2	1	-10.5990174589794
17	16111149	39	47	1.00062362148698	0.447	A>G	2	2	1	-10.6621794101556
17	20784483	40	86	0.93675519733023	0.128	G>C	2	2	1	-31.3438692396808
17	21349702	35	53	0.944911201952594	0.132	A>G	2	2	1	-31.3674162596937
17	21352902	28	50	0.944911201952594	0.1	G>A	2	2	0	-24.4657231276955
17	21518589	32	48	0.944911201952594	0.146	T>C	2	2	1	-28.3579706797851
17	21518782	34	48	0.944911201952594	0.125	C>G	2	2	0	-29.5503187104887
17	21525294	33	46	0.944911201952594	0.13	T>C	2	2	1	-31.3674162596937
17	21528292	38	49	0.944911201952594	0.122	A>G	2	2	0	-29.5503187104887
17	21560251	57	63	0.925442590594852	0.111	C>T	2	2	0	-26.9353815602853
17	21561357	52	40	0.925442590594852	0.1	C>A	2	2	0	-24.4421761076826
17	22262112	42	57	1.90539625792934	0.158	C>G	2	5	1	-10.4773244385938
17	25279045	35	53	0.971571951377817	0.132	C>T	2	2	1	-31.3674162596937
17	25282925	40	42	0.971571951377817	0.119	C>A	2	2	0	-29.5503187104887
17	25282928	40	45	0.971571951377817	0.133	G>A	2	2	1	-31.3674162596937
17	25282948	40	47	0.971571951377817	0.106	C>T	2	2	0	-26.9589285802982
17	25286716	33	94	0.971571951377817	0.128	G>T	2	2	1	-31.3674162596937
17	25286747	35	75	0.971571951377817	0.12	G>A	2	2	0	-29.5503187104887
17	25289451	51	57	0.971571951377817	0.123	T>C	2	2	0	-29.5503187104887
17	25292641	43	46	0.96629238597694	0.261	A>G	2	2	1	-16.6270764759233
17	25294936	32	68	0.96629238597694	0.103	C>T	2	2	0	-24.4657231276955
17	25302110	45	54	0.96629238597694	0.13	C>G	2	2	1	-31.3674162596937
17	25302114	45	56	0.96629238597694	0.125	T>C	2	2	0	-29.5503187104887
17	25302115	45	59	0.96629238597694	0.119	C>G	2	2	0	-29.5503187104887
17	25307878	29	63	0.96629238597694	0.111	A>G	2	2	0	-26.9589285802982
17	25330748	40	49	0.96629238597694	0.122	T>C	2	2	0	-29.5503187104887
17	25331556	40	55	0.96629238597694	0.2	C>T	2	2	1	-22.1100944523357
18	14186227	31	41	0.870774721588629	0.22	C>T	2	2	1	-20.0504606027061
18	15165894	27	82	0.910111105353472	0.146	A>G	2	2	1	-28.3344236597722
18	15171856	37	107	0.910111105353472	0.159	G>A	2	2	1	-26.9462122776626
18	15172784	31	43	0.910111105353472	0.14	A>G	2	2	1	-29.7988696027825
18	15173484	43	51	0.910111105353472	0.118	C>A	2	2	0	-29.5267716904758
18	15173497	43	60	0.910111105353472	0.117	G>T	2	2	0	-29.5267716904758
18	15178149	28	47	0.910111105353472	0.149	C>T	2	2	1	-28.3344236597722
18	15180929	28	61	0.910111105353472	0.18	C>T	2	2	1	-24.3838422772571
18	15183549	25	46	0.910111105353472	0.13	A>T	2	2	1	-31.3438692396808
18	15204723	25	40	0.910111105353472	0.125	G>A	2	2	0	-29.5267716904758
18	15204755	25	44	0.910111105353472	0.159	A>G	2	2	1	-26.9462122776626
18	15207844	34	44	0.910111105353472	0.159	C>T	2	2	1	-26.9462122776626
18	15210941	28	40	0.910111105353472	0.325	C>T	2	2	1	-12.9744217868128
18	15262440	27	41	0.910111105353472	0.122	T>G	2	2	0	-29.5267716904758
18	15347119	37	42	0.910111105353472	0.357	A>G	2	2	1	-11.4753191449158
18	15351586	22	40	0.910111105353472	0.225	C>T	2	2	1	-20.0343401405456
18	15376499	23	43	0.910111105353472	0.256	T>A	2	2	1	-16.6035294559104
18	15381894	38	40	0.910111105353472	0.1	T>C	2	2	0	-24.4421761076826
18	15382975	38	50	0.910111105353472	0.1	A>G	2	2	0	-24.4421761076826
18	15393789	37	52	0.910111105353472	0.135	T>A	2	2	1	-29.7988696027825
18	15395479	39	53	0.910111105353472	0.113	T>A	2	2	0	-26.9353815602853
18	18514111	38	80	1.2007842239596	0.113	T>G	2	3	1	-20.4984858606534
18	18514150	40	88	1.2007842239596	0.17	T>C	2	3	1	-14.8053752322315
18	18514191	40	85	1.2007842239596	0.106	C>T	2	3	1	-20.4984858606534
18	18515401	38	421	1.2007842239596	0.105	C>T	2	3	1	-21.7564301878907
18	18518539	34	1092	1.2007842239596	0.56	T>C	2	3	2	-10.9090598040728
18	18538423	26	40	1.2007842239596	0.125	A>G	2	3	1	-19.3387262110038
19	24558823	35	60	0.985905685525417	0.1	T>A	2	2	0	-24.5288909408831
19	24571839	39	70	0.985905685525417	0.1	A>G	2	2	0	-24.5288909408831
19	24572008	39	62	0.985905685525417	0.177	G>A	2	2	1	-24.4705571104575
19	24576483	36	278	0.985905685525417	0.55	T>C	2	2	1	-13.4806909315655
19	24576495	36	273	0.985905685525417	0.777	T>C	2	2	2	-12.72710605079
19	24576500	36	275	0.985905685525417	0.782	A>T	2	2	2	-12.72710605079
19	24576513	36	272	0.985905685525417	0.563	T>C	2	2	1	-13.9812312846713
19	24576519	36	274	0.985905685525417	0.562	G>A	2	2	1	-13.9812312846713
19	24583675	34	53	0.985905685525417	0.264	T>A	2	2	1	-16.6902442891109
19	24585987	34	54	0.985905685525417	0.111	C>T	2	2	0	-27.0220963934857
19	24596067	35	43	0.985905685525417	0.186	G>C	2	2	1	-23.2901279945007
19	24596084	35	40	0.985905685525417	0.2	G>T	2	2	1	-22.1732622655232
19	24596091	35	41	0.985905685525417	0.195	C>G	2	2	1	-22.1732622655232
19	24596100	35	40	0.985905685525417	0.175	A>G	2	2	1	-24.4705571104575
19	24600433	35	60	0.934047007426168	0.167	G>A	2	2	1	-25.6304599750165
19	24601669	37	107	0.934047007426168	0.121	T>A	2	2	0	-29.5267716904758
19	24602225	35	83	0.934047007426168	0.217	G>A	2	2	1	-20.0343401405456
19	24602228	35	76	0.934047007426168	0.342	C>A	2	2	1	-12.1367918526104
19	24602232	35	72	0.934047007426168	0.25	G>C	2	2	1	-17.3810698792843
19	24620306	38	52	0.934047007426168	0.231	G>A	2	2	1	-19.0949766819261
19	27737008	39	41	1.99995950898317	0.146	T>C	2	5	1	-10.615591132517
19	27737020	39	54	1.99995950898317	0.167	C>T	2	5	1	-10.2770182595187
19	27743921	33	47	1.40048426942849	0.319	T>A	2	3	1	-10.5338025347006
19	27767752	36	96	1.40048426942849	0.115	G>T	2	3	1	-19.2914079293734
19	27768074	34	99	1.40048426942849	0.263	T>A	2	3	1	-10.7901966948769
19	27768116	34	48	1.40048426942849	0.167	A>G	2	3	1	-14.7580569506011
19	27768873	38	51	1.40048426942849	0.137	A>T	2	3	1	-17.2401098239065
19	27792066	35	76	1.40048426942849	0.118	C>T	2	3	1	-19.2914079293734
19	27802795	38	51	1.40048426942849	0.196	T>C	2	3	1	-12.900501162368
19	27805118	38	63	1.40048426942849	0.159	C>T	2	3	1	-15.5116903350937
19	27806044	34	105	1.40048426942849	0.2	T>A	2	3	1	-12.900501162368
19	27812202	35	43	1.40048426942849	0.116	G>A	2	3	1	-19.2914079293734
19	27812210	35	42	1.40048426942849	0.119	A>G	2	3	1	-19.2914079293734
19	27812214	35	43	1.40048426942849	0.116	T>C	2	3	1	-19.2914079293734
19	27812727	37	42	1.40048426942849	0.119	A>G	2	3	1	-19.2914079293734
19	27821851	35	43	1.40048426942849	0.14	C>T	2	3	1	-17.2401098239065
19	27832548	35	47	0.985174639172458	0.213	G>C	2	2	1	-21.1176092207138
19	27844484	36	98	0.985174639172458	0.102	T>C	2	2	0	-24.5288909408831
19	27864304	37	64	1.5028769075812	0.125	C>T	2	3	1	-19.4626402429374
19	27864625	37	323	1.5028769075812	0.424	T>C	2	3	1	-13.8585070932533
19	27864788	37	158	1.5028769075812	0.114	T>C	2	3	1	-20.622399892587
19	27867742	33	105	1.04832199564064	0.114	G>A	2	2	0	-27.1248694612656
19	27890373	35	52	1.04832199564064	0.346	A>T	2	2	1	-11.9738242251947
19	27890719	35	44	1.04832199564064	0.227	T>C	2	2	1	-19.2844645829065
19	27897251	37	41	1.185	0.22	T>A	2	3	1	-12.115862203573
19	34883012	48	47	1.32389952370546	0.149	T>A	2	3	1	-16.313243907985
19	35238788	50	46	1.32389952370546	0.217	A>G	2	3	1	-11.9479928158332
19	35238790	50	44	1.32389952370546	0.205	A>T	2	3	1	-12.8759622713033
19	35238793	50	46	1.32389952370546	0.217	C>G	2	3	1	-11.9479928158332
19	36063601	40	44	1.45322781267983	0.114	G>A	2	3	1	-20.5163314008573
19	37784970	66	56	1.05681647403169	0.143	C>A	2	2	1	-29.9883575037628
19	58512320	41	43	1.35787451518486	0.116	T>G	2	3	1	-19.2914079293734
20	25742209	40	70	0.919715436696667	0.143	C>G	2	2	1	-29.7988696027825
20	25742236	40	57	0.919715436696667	0.105	G>A	2	2	0	-24.4421761076826
20	25755019	45	43	0.919715436696667	0.209	C>G	2	2	1	-21.0308943875133
20	25860416	43	42	0.919715436696667	0.238	C>A	2	2	1	-18.2110762425614
20	25877428	40	42	0.919715436696667	0.167	A>G	2	2	1	-25.6304599750165
20	25881529	31	43	0.919715436696667	0.14	A>C	2	2	1	-29.7988696027825
20	25881870	30	45	0.919715436696667	0.156	G>A	2	2	1	-26.9462122776626
20	25881877	30	42	0.919715436696667	0.119	A>G	2	2	0	-29.5267716904758
20	25894285	35	47	0.919715436696667	0.106	C>T	2	2	0	-26.9353815602853
20	25900518	32	83	0.919715436696667	0.229	C>T	2	2	1	-19.0949766819261
20	25900861	41	55	0.919715436696667	0.127	A>G	2	2	1	-31.3438692396808
20	25901145	43	48	0.919715436696667	0.167	C>T	2	2	1	-25.6304599750165
20	25901146	43	49	0.919715436696667	0.163	C>G	2	2	1	-26.9462122776626
20	25907355	42	40	0.919715436696667	0.225	G>T	2	2	1	-20.0343401405456
20	25909528	44	44	0.919715436696667	0.182	C>G	2	2	1	-24.3838422772571
20	25910215	36	87	0.919715436696667	0.126	C>T	2	2	1	-31.3438692396808
20	25924169	42	40	0.919715436696667	0.25	C>A	2	2	1	-17.3810698792843
20	26080341	48	61	0.943630901227196	0.131	C>T	2	2	1	-31.3674162596937
20	26080370	48	53	0.943630901227196	0.17	G>A	2	2	1	-25.6540069950294
20	26147683	27	60	0.943630901227196	0.167	A>G	2	2	1	-25.6540069950294
20	26204838	35	43	0.943630901227196	0.116	C>T	2	2	0	-29.5503187104887
20	26234399	35	41	0.943630901227196	0.463	G>A	2	2	1	-10.7021709603657
20	26246104	35	46	0.943630901227196	0.37	G>A	2	2	1	-11.2327521463543
20	26252360	44	47	0.943630901227196	0.213	A>G	2	2	1	-21.0544414075262
20	26261024	37	179	4.4135569906465	0.279	T>C	2	11	3	-10.1917867153673
20	26265030	37	47	1.2994110366365	0.106	C>A	2	3	1	-20.4266286879583
20	26265037	37	43	1.2994110366365	0.116	A>C	2	3	1	-19.2668690383087
20	26271796	38	47	1.2994110366365	0.106	C>G	2	3	1	-20.4266286879583
20	26272184	35	40	1.2994110366365	0.1	T>C	2	3	1	-21.6845730151956
20	26272569	37	48	1.2994110366365	0.104	T>C	2	3	1	-21.6845730151956
20	26292545	38	44	1.2994110366365	0.136	G>C	2	3	1	-17.2155709328417
20	26310487	37	45	1.2994110366365	0.111	G>A	2	3	1	-20.4266286879583
20	26312661	37	41	1.2994110366365	0.122	G>A	2	3	1	-19.2668690383087
20	26312999	39	94	1.2994110366365	0.255	T>C	2	3	1	-10.7656578038122
20	26317145	35	131	2.03215500288426	0.275	A>G	2	5	2	-12.3777824241454
20	29425227	29	61	0.967107658107819	0.115	G>A	2	2	0	-29.5503187104887
20	29431464	32	53	0.967107658107819	0.113	A>C	2	2	0	-26.9589285802982
20	29449467	37	43	0.967107658107819	0.116	A>T	2	2	0	-29.5503187104887
20	29460216	33	59	0.967107658107819	0.119	G>A	2	2	0	-29.5503187104887
20	29467818	29	46	0.967107658107819	0.109	C>A	2	2	0	-26.9589285802982
20	29476622	44	41	0.967107658107819	0.195	T>C	2	2	1	-22.1100944523357
20	29480287	24	48	0.967107658107819	0.104	A>G	2	2	0	-24.4657231276955
20	29585646	34	43	0.967107658107819	0.302	G>C	2	2	1	-14.0171451419055
20	29594734	39	64	0.967107658107819	0.125	T>A	2	2	0	-29.5503187104887
20	29609719	39	75	0.967107658107819	0.133	C>T	2	2	1	-31.3674162596937
20	29609772	40	54	0.967107658107819	0.111	A>G	2	2	0	-26.9589285802982
20	29609931	40	60	0.967107658107819	0.1	C>T	2	2	0	-24.4657231276955
20	29612985	44	40	0.967107658107819	0.1	G>A	2	2	0	-24.4657231276955
20	29612998	44	49	0.967107658107819	0.184	G>A	2	2	1	-24.40738929727
20	29620672	23	69	0.967107658107819	0.449	A>G	2	2	1	-10.5990115969681
20	29623260	41	40	0.967107658107819	0.1	T>C	2	2	0	-24.4657231276955
20	29623902	28	72	0.967107658107819	0.333	A>G	2	2	1	-12.5568198152571
20	29632418	40	75	0.967107658107819	0.107	C>T	2	2	0	-26.9589285802982
20	29633521	32	74	0.967107658107819	0.108	A>G	2	2	0	-26.9589285802982
20	29633547	32	103	0.967107658107819	0.175	G>A	2	2	1	-24.40738929727
20	29636966	55	68	0.967107658107819	0.294	A>C	2	2	1	-14.5967764851437
20	29645112	37	44	0.967107658107819	0.386	T>G	2	2	1	-10.8273331450556
20	29645124	37	44	0.967107658107819	0.386	A>G	2	2	1	-10.8273331450556
20	29647317	41	42	0.967107658107819	0.119	A>G	2	2	0	-29.5503187104887
20	29648813	34	47	0.967107658107819	0.106	C>T	2	2	0	-26.9589285802982
20	29809008	38	40	0.666803227520128	0.15	G>T	2	1	0	-38.4836550305549
20	29809025	38	41	0.666803227520128	0.146	C>T	2	1	0	-38.4836550305549
20	47204857	44	42	0.985484890789732	0.167	T>C	2	2	1	-25.717174808217
20	54859367	25	41	0.969998416550085	0.22	T>C	2	2	1	-20.0578871605585
21	9466859	31	44	0.993399301604141	0.159	A>G	2	2	1	-27.0329271108631
21	9586772	37	44	0.993399301604141	0.114	C>T	2	2	0	-27.0220963934857
21	9659104	32	55	0.993399301604141	0.145	A>C	2	2	1	-29.8855844359829
21	9711035	32	59	0.993399301604141	0.186	C>A	2	2	1	-23.2901279945007
21	9711061	32	58	0.993399301604141	0.103	A>G	2	2	0	-24.5288909408831
21	9711073	32	53	0.993399301604141	0.151	C>G	2	2	1	-28.4211384929726
21	9872273	51	40	0.993399301604141	0.1	C>A	2	2	0	-24.5288909408831
21	9878436	62	44	0.993399301604141	0.182	T>G	2	2	1	-24.4705571104575
21	10088448	39	60	0.993399301604141	0.117	T>C	2	2	0	-29.6134865236762
21	10421396	34	76	0.867477823428236	0.118	C>T	2	2	0	-29.5987581570068
21	10620048	35	59	0.867477823428236	0.119	T>C	2	2	0	-29.5987581570068
21	10620050	35	60	0.867477823428236	0.117	G>A	2	2	0	-29.5987581570068
21	10751030	39	140	0.867477823428236	0.179	A>T	2	2	1	-24.4558287437881
21	10769571	36	41	0.867477823428236	0.171	C>T	2	2	1	-25.7024464415475
21	10782648	39	94	0.600619185117748	0.138	T>A	2	1	0	-35.230220707272
21	10782679	39	99	0.600619185117748	0.121	C>G	2	1	0	-29.7792192530588
21	10782685	39	109	0.600619185117748	0.11	G>T	2	1	0	-27.1878291228683
21	10782688	39	104	0.600619185117748	0.115	T>C	2	1	0	-29.7792192530588
21	10782694	39	113	0.600619185117748	0.106	C>T	2	1	0	-27.1878291228683
21	10782722	39	117	0.600619185117748	0.103	A>T	2	1	0	-24.6946236702656
21	10786207	43	60	0.600619185117748	0.133	A>C	2	1	0	-32.4619516461767
21	10786472	48	50	0.600619185117748	0.16	G>T	2	1	0	-41.0041007781393
21	10786746	40	107	0.600619185117748	0.112	T>A	2	1	0	-27.1878291228683
21	10786753	40	105	0.600619185117748	0.114	G>A	2	1	0	-27.1878291228683
21	10786759	40	107	0.600619185117748	0.112	A>C	2	1	0	-27.1878291228683
21	10844672	39	77	0.642380748069261	0.104	T>A	2	1	0	-24.8761402899874
21	10844705	38	72	0.642380748069261	0.111	T>G	2	1	0	-27.3693457425901
21	10852865	40	72	0.642380748069261	0.139	G>A	2	1	0	-35.4117373269938
21	10852891	40	75	0.642380748069261	0.107	C>T	2	1	0	-27.3693457425901
21	10915783	57	44	0.978963057027124	0.136	A>C	2	2	1	-29.8224166227954
21	10915788	57	45	0.978963057027124	0.133	C>T	2	2	1	-31.3674162596937
21	11027383	39	143	0.978963057027124	0.133	A>G	2	2	1	-31.3674162596937
21	11099255	56	44	0.978963057027124	0.159	C>T	2	2	1	-26.9697592976755
21	11099267	56	46	0.978963057027124	0.196	C>A	2	2	1	-22.1100944523357
21	11112020	55	43	0.978963057027124	0.163	C>T	2	2	1	-26.9697592976755
21	11112028	55	50	0.978963057027124	0.1	C>T	2	2	0	-24.4657231276955
21	11122735	41	109	0.978963057027124	0.101	T>A	2	2	0	-24.4657231276955
21	11122776	41	112	0.978963057027124	0.134	C>T	2	2	1	-31.3674162596937
21	11131179	58	40	0.978963057027124	0.125	C>T	2	2	0	-29.5503187104887
21	11141031	49	56	0.978963057027124	0.268	A>C	2	2	1	-15.9006994008645
21	11143352	30	74	0.978963057027124	0.108	T>G	2	2	0	-26.9589285802982
21	11146480	46	42	0.978963057027124	0.214	G>A	2	2	1	-21.0544414075262
21	14342838	37	80	0.86709711110277	0.125	C>T	2	2	0	-29.5987581570068
21	14344318	39	102	0.86709711110277	0.235	A>G	2	2	1	-18.2830627090924
21	14344324	39	105	0.86709711110277	0.229	T>A	2	2	1	-19.1669631484572
21	14355688	39	59	0.982184253963812	0.102	C>A	2	2	0	-24.5288909408831
21	14367254	38	175	0.982184253963812	0.2	T>C	2	2	1	-22.1732622655232
21	14367286	38	205	0.982184253963812	0.273	A>T	2	2	1	-15.963867214052
21	14367287	38	208	0.982184253963812	0.264	G>C	2	2	1	-16.6902442891109
21	14367316	38	213	0.982184253963812	0.23	G>A	2	2	1	-19.1816915151266
21	14396248	47	59	0.982184253963812	0.203	T>C	2	2	1	-22.1732622655232
21	14413703	32	42	0.982184253963812	0.167	A>G	2	2	1	-25.717174808217
21	14418266	36	56	0.982184253963812	0.125	G>A	2	2	0	-29.6134865236762
21	14419088	42	44	0.982184253963812	0.114	T>C	2	2	0	-27.0220963934857
21	14443662	25	41	0.982184253963812	0.195	G>A	2	2	1	-22.1732622655232
21	47217604	47	40	0.938335041404164	0.1	A>G	2	2	0	-24.4421761076826
21	47217613	47	40	0.938335041404164	0.1	T>C	2	2	0	-24.4421761076826
22	16851320	38	49	0.887568187992851	0.102	A>G	2	2	0	-24.4582965698431
22	16855948	37	48	0.865744563103098	0.104	G>A	2	2	0	-24.5141625742136
22	16863732	34	40	0.865744563103098	0.175	T>C	2	2	1	-24.4558287437881
22	16865105	41	40	0.865744563103098	0.125	C>A	2	2	0	-29.5987581570068
22	16889615	38	47	0.865744563103098	0.511	A>G	2	2	1	-11.8625153996195
22	16898255	33	41	0.865744563103098	0.122	G>T	2	2	0	-29.5987581570068
22	16916281	28	41	0.865744563103098	0.146	T>C	2	2	1	-28.4064101263032
22	16916283	28	41	0.865744563103098	0.146	T>A	2	2	1	-28.4064101263032
22	16925138	35	42	0.865744563103098	0.167	C>G	2	2	1	-25.7024464415475
22	16926023	28	57	0.865744563103098	0.105	T>C	2	2	0	-24.5141625742136
22	16926032	28	57	0.865744563103098	0.105	C>T	2	2	0	-24.5141625742136
22	16931692	37	50	0.865744563103098	0.16	A>G	2	2	1	-27.0181987441936
22	16942733	34	43	0.865744563103098	0.256	A>G	2	2	1	-16.6755159224414
22	16943057	45	46	0.865744563103098	0.152	G>C	2	2	1	-28.4064101263032
22	16952922	28	41	0.865744563103098	0.146	T>C	2	2	1	-28.4064101263032
22	16952941	28	43	0.865744563103098	0.116	A>G	2	2	0	-29.5987581570068
22	16954122	28	42	0.865744563103098	0.238	C>T	2	2	1	-18.2830627090924
22	16956708	32	52	0.865744563103098	0.25	G>T	2	2	1	-17.4530563458153
22	16956714	32	51	0.865744563103098	0.196	T>C	2	2	1	-22.1585338988538
22	17360795	37	46	0.865744563103098	0.13	A>T	2	2	1	-31.4158557062118
22	17366638	29	48	0.865744563103098	0.125	A>G	2	2	0	-29.5987581570068
22	17369050	33	49	0.865744563103098	0.143	C>A	2	2	1	-29.8708560693135
22	17374957	31	59	0.865744563103098	0.153	A>G	2	2	1	-28.4064101263032
22	17378264	28	50	0.865744563103098	0.14	C>A	2	2	1	-29.8708560693135
22	17379165	49	56	0.865744563103098	0.179	G>C	2	2	1	-24.4558287437881
22	17499924	40	69	0.925743672070804	0.101	T>C	2	2	0	-24.4421761076826
22	18717500	35	45	4.7090323030974	0.533	A>T	2	11	6	-10.238835045391
22	21680941	45	106	15.8244187196427	0.642	C>G	2	20	13	-11.2565116386612
22	22638602	28	57	0.887190147253808	0.105	G>T	2	2	0	-24.4582965698431
X	9377920	47	51	0.927169787912795	0.216	G>A	2	2	1	-20.0343401405456
X	58503235	36	40	1.07479690103768	0.1	A>C	2	2	0	-24.7740578696175
X	58536103	36	76	1.07479690103768	0.132	A>T	2	2	1	-31.6757510016157
X	61706067	41	48	1.17807219232694	0.125	C>A	2	3	1	-19.4347384260485
X	61719122	39	62	1.17807219232694	0.855	A>G	2	3	3	-11.1942085455499
X	61729758	39	138	1.17807219232694	0.101	A>T	2	3	1	-21.8524424029355
X	61730423	37	208	1.17807219232694	0.178	C>A	2	3	1	-14.2168886676703
X	61734550	37	87	1.17807219232694	0.126	A>G	2	3	1	-18.3663210393263
X	61760618	36	46	1.17807219232694	0.152	G>T	2	3	1	-16.4811132957248
X	61774350	38	41	1.17807219232694	0.195	A>G	2	3	1	-13.0438316590431
X	61794660	39	49	1.17807219232694	0.102	A>T	2	3	1	-21.8524424029355
X	61819577	40	40	1.17807219232694	0.4	T>C	2	3	1	-12.8633054569155
X	61822521	37	40	1.17807219232694	0.15	C>T	2	3	1	-16.4811132957248
X	61825280	37	49	1.17807219232694	0.653	T>G	2	3	2	-11.1121018310511
X	61825282	37	48	1.17807219232694	0.667	T>A	2	3	2	-11.602148549525
X	61825291	37	47	1.17807219232694	0.702	T>G	2	3	2	-12.6741392473395
X	61825948	40	59	1.17807219232694	0.305	T>G	2	3	1	-10.5720715301483
X	61825952	40	45	1.17807219232694	0.422	A>G	2	3	1	-13.8306052763644
X	61834184	36	53	1.17807219232694	0.208	G>A	2	3	1	-12.5502975323872
X	61839252	37	40	1.17807219232694	0.525	G>A	2	3	2	-12.0149477955867
X	61839627	33	42	1.17807219232694	0.119	T>A	2	3	1	-19.4347384260485
X	61881850	33	52	0.977182112253958	0.404	A>G	2	2	1	-10.6871898871373
X	88459315	35	40	0.977182112253958	0.125	T>C	2	2	0	-29.5503187104887
X	88462318	34	43	0.977182112253958	0.116	A>G	2	2	0	-29.5503187104887
