"chromosome"	"start.pos"	"end.pos"	"Bf"	"N.BAF"	"sd.BAF"	"depth.ratio"	"N.ratio"	"sd.ratio"	"CNt"	"A"	"B"	"LPP"
"1"	13116	826123	0.282004390644247	209	0.138538298126716	1.00729952333625	12081	1.08022014341791	7	7	0	-6.77561276907007
"1"	828166	2586674	0.362967807654168	986	0.116200940182047	1.1458467772381	52498	0.548181114947274	4	4	0	-6.73998091909495
"1"	2586702	2628664	0.239037858425775	220	0.141481470725809	1.19612948434069	3223	2.20497286059632	12	12	0	-6.73445582954629
"1"	2628696	4362930	0.392081947681053	1472	0.092554418869132	1.01098735393506	56111	0.43995921448213	3	2	1	-6.74227918478077
"1"	4363157	4363972	0.124334031132945	11	0.0957003847242196	0.708390303904519	34	0.0862176132068992	20	20	0	-6.97579574815592
"1"	4364070	12898654	0.394318027559547	6069	0.0927980316756452	1.04867398811685	357608	0.426009594709602	3	2	1	-6.74602443804776
"1"	12898810	13385950	0.300058688962029	356	0.134876032682308	0.975916043249621	6993	0.797642734299544	6	6	0	-6.77177475631109
"1"	13456194	16804341	0.403790482856263	2176	0.0867386730750505	1.02951491593495	129203	0.416394818063713	3	2	1	-6.73322248140221
"1"	16804745	17268329	0.320165532868317	1563	0.116831966466918	1.04762232074927	19538	0.776510407034701	6	6	0	-6.74920958475617
"1"	17269572	20254017	0.400088176621262	2399	0.0847630131181234	1.01330333845456	127236	0.408198399073105	3	2	1	-6.73648564550845
"1"	20254048	20254328	0.110630077851129	10	0.12928693325743	0.813109651774417	21	0.167687350802163	20	20	0	-6.87595248169307
"1"	20254372	31904733	0.400170248579936	6688	0.0867472898530202	1.07257331310855	479938	0.437744527443241	4	2	2	-6.7693769909346
"1"	31904768	31905057	0.226755467809515	18	0.14598004385057	0.568490395596795	53	0.159131975059106	13	13	0	-6.74224816227524
"1"	31905173	66946627	0.406780780047328	19788	0.0818061341918722	1.00119712439145	1508912	0.363387725177296	3	2	1	-6.86479423582446
"1"	66947448	66952185	0.227630121074838	17	0.16626599878791	0.950515100507849	177	0.50815738901524	13	13	0	-6.73772766775804
"1"	66952503	70924375	0.40804070563546	1897	0.0797368883715814	0.942014813517171	172306	0.307501378965032	2	1	1	-6.74011429508458
"1"	70926225	70926521	0.0966013407373639	11	0.07786141534804	0.906837022765277	32	0.199981831332007	20	20	0	-7.26478475389846
"1"	70928804	73374824	0.404545234573727	1576	0.0779620715111617	0.894045458263148	104451	0.271796975360063	1	1	0	-6.74045602052368
"1"	73397814	73913689	0.356133353725148	297	0.0785443940422984	0.918115657001255	22962	0.259664292624693	3	3	0	-6.82782246992332
"1"	73915016	120533192	0.40190830911249	29809	0.0806748935664211	0.901798250841014	1996171	0.295468222841768	1	1	0	-6.95636461672751
"1"	120533209	121485416	0.31425936987384	971	0.127777250338956	1.07661623944777	33063	0.96278735056045	6	6	0	-6.74836738379044
"1"	142535470	142543707	0.343348773801624	214	0.109287690956017	0.628917689402445	3812	0.178175178854482	4	4	0	-6.78929904051395
"1"	142543717	142661479	0.339126809377151	916	0.113474784821447	0.974000669286277	10380	0.438020835852212	5	5	0	-6.74763323217352
"1"	142661641	144855290	0.293431031661458	3090	0.133207779021797	0.990108260130043	49707	1.17396541188338	6	6	0	-6.8059187434318
"1"	144855312	144893960	0.421111994836938	176	0.0689327537927693	0.865399450273604	2030	0.224771791196402	0	0	0	-6.77802890976186
"1"	144894076	145078609	0.388171674979023	741	0.100074838720854	0.969996868828125	10221	0.4428348718585	2	2	0	-6.73406321428173
"1"	145078948	145382511	0.311355667823179	737	0.107695823610442	1.05970718313455	13236	0.941867616213162	6	6	0	-6.74056352142571
"1"	145383227	146391504	0.379709129399334	259	0.109296835316354	1.03417806308662	19969	0.553122438155615	3	3	0	-6.73420228708565
"1"	146395558	146483788	0.270071815660149	101	0.136385115038117	0.909257509693151	1225	0.507883683453571	8	8	0	-6.77858474862796
"1"	146483850	147852786	0.389845013018424	746	0.0979488390009101	0.965531060710859	46202	0.410571667960933	2	2	0	-6.73400123026267
"1"	147852844	147856324	0.02624653389296	13	0.0764717980528502	1.17875570859033	94	0.844247268016828	20	20	0	-8.38942711575375
"1"	147856343	149217817	0.306383485970112	1371	0.130189673850937	1.00367975585618	28672	1.26603775474509	6	6	0	-6.76287359488801
"1"	149217971	149220497	0.0421536139426506	22	0.0563819688103068	1.01027498917513	107	0.575062856423493	20	20	0	-8.92828786392275
"1"	149220560	149758536	0.337501437949056	791	0.120930478989425	1.01183220140674	12253	0.764118142748834	5	5	0	-6.74673803702143
"1"	149761073	151503600	0.400912620825701	726	0.0836111964883198	1.10474722777977	72074	0.454055340384016	4	2	2	-6.73325700820519
"1"	151504778	155584292	0.409554572271716	2185	0.0821819637930491	1.03228349667333	173045	0.409590453432364	3	2	1	-6.73776636779739
"1"	155597270	155967341	0.274849478276164	80	0.126863296679157	1.12677333078798	15523	0.430621274225868	7	7	0	-6.78992050709593
"1"	156030820	160643111	0.407158422522487	2832	0.0796817557624967	0.979392970504792	198984	0.345136602210978	2	1	1	-6.75084237217482
"1"	160663090	160668101	0.203578204681981	21	0.101812876910349	1.10368208660113	283	0.515273271595004	15	15	0	-6.73723413096833
"1"	160678721	161481479	0.406957731444035	924	0.0733042012207936	1.05568371800953	33659	0.601610120574675	3	2	1	-6.73624317101439
"1"	161481561	161645409	0.336192100785021	317	0.113856991296611	1.10190982368766	6523	0.687037017062995	5	5	0	-6.73412440458216
"1"	161645471	189530251	0.411297120543478	17462	0.0764888394719358	0.97226981425094	1218954	0.317103802251844	2	1	1	-6.79901035499754
"1"	189531569	189535684	0.293883441405979	9	0.188560335171531	0.86588759697855	187	0.3475220032631	7	7	0	-6.7373846101145
"1"	189538853	196718321	0.416496175931283	6253	0.0703602540492377	1.00455856746015	317311	0.297158961931048	3	2	1	-6.78904322321036
"1"	196720826	197117492	0.301611393752404	97	0.142046904310002	0.99259120661222	16693	0.384625401893676	5	5	0	-6.8157635624543
"1"	197124784	201227083	0.412355448649611	1238	0.077394870296974	0.994961689220029	177816	0.322947545133526	3	2	1	-6.7721589019829
"1"	201227106	201227209	0.113558956611134	9	0.153182081197508	0.471916329310197	17	0.0860320135353182	20	20	0	-6.84312366981497
"1"	201227463	227125997	0.407484190018885	18674	0.078990086403615	0.981904756921869	1108405	0.343334208508509	2	1	1	-6.84154331194634
"1"	227148090	227543945	0.216530925725656	18	0.175862877361844	1.01395218818368	16916	0.327071614461456	6	6	0	-7.02386927881567
"1"	227579044	243216007	0.406954704481931	11484	0.0806583391439559	0.980409794803239	674443	0.339560775795492	2	1	1	-6.79405028919953
"1"	243221560	243226224	0.151793342785117	13	0.10313005232379	0.997139709805122	196	0.455633163861528	20	20	0	-6.76787942873087
"1"	243226938	247590883	0.403817392683853	3459	0.085281438162635	0.99815010020713	189056	0.354583203955575	3	2	1	-6.75438018446055
"1"	247590990	247614896	0.246559869686209	12	0.167721811523147	0.984891638079445	1025	0.405543590335672	10	10	0	-6.75382087121671
"1"	247615252	248413871	0.410005401907889	912	0.0862078304573345	0.938046724189191	34319	0.301171743763451	2	1	1	-6.73914780759491
"1"	248416849	248420915	0.0986221744195104	11	0.161691232123002	0.904408239818022	174	0.381704447964183	20	20	0	-6.87218484141579
"1"	248421010	249240539	0.3204811707619	329	0.140226188173977	0.946629538248576	25680	0.444197955322452	4	4	0	-6.82971482939912
"2"	14563	13502620	0.40303662856249	10419	0.0853785917134202	0.959387510297619	575881	0.332643353147652	2	1	1	-6.73520643809508
"2"	13534928	13563133	0.118812968905575	10	0.0710101714153997	1.03144395102105	1258	0.327387464069882	20	20	0	-7.16594961997817
"2"	13587560	52269674	0.411214900041708	29119	0.0758062964241282	0.97603772956097	1683027	0.331312704645619	2	1	1	-6.84736972425785
"2"	52272311	52312583	0.188422956004712	9	0.217188538166983	0.958092910159176	1759	0.275592372120712	11	11	0	-6.86399239484888
"2"	52319702	63930401	0.412835988713413	7962	0.0762230190881799	0.981504257429529	508480	0.323513599802893	2	1	1	-6.79662773895472
"2"	63934776	64017346	0.169581805868117	11	0.159879556939819	0.980406663420918	3536	0.287201267835694	12	12	0	-7.01212362027428
"2"	64097749	71268375	0.411219554402963	5019	0.0754258932599254	0.986342892752356	313857	0.340633015804114	2	1	1	-6.78152034907823
"2"	71277674	71278156	0.125939681753325	10	0.0255953554814584	1.22114344524646	26	2.6607538966356	20	20	0	-8.28049801005723
"2"	71282963	82892794	0.40999320405735	6930	0.0779451702283369	0.963100911893787	503729	0.316774820539276	2	1	1	-6.74459232601387
"2"	82893439	82904219	0.154844254407514	9	0.149706379289595	1.02067026858405	481	0.288041330826035	20	20	0	-6.79435699887002
"2"	82905378	87569802	0.404886120045279	3439	0.0859842184826993	0.993206031502679	194263	0.406396641720697	3	2	1	-6.75655783283536
"2"	87569983	87622522	0.2890373613566	174	0.133273533862694	1.00552052133259	2316	0.998332480850374	8	8	0	-6.73761906502254
"2"	87623779	87656158	0.182752793608169	33	0.171969358396409	1.76492389459631	343	1.05390121782943	18	18	0	-6.73390121420961
"2"	87740944	88316432	0.329724992039976	188	0.134514720515159	1.05057530033492	15579	0.833651938687739	5	5	0	-6.7410628352834
"2"	88341808	89068116	0.410826527658985	416	0.0763902060305277	0.983428815745114	31392	0.339937983536777	2	1	1	-6.7436298692324
"2"	89071339	89072281	0.152427116274554	11	0.0889249939300225	0.974626989582747	71	0.407808544853505	20	20	0	-6.76743050899257
"2"	89072645	89830578	0.350389626779318	841	0.113825484321558	0.948938460403818	22683	0.391854186163358	3	3	0	-6.78087030471796
"2"	89831490	89880167	0.298683654898788	566	0.115550717197193	0.819323241987355	14462	0.396918340298399	7	7	0	-6.77703380288058
"2"	89880438	91640282	0.303891185931043	647	0.142117011845066	1.06948313098631	21854	2.59013109670854	7	7	0	-6.74140392522373
"2"	91640573	91759562	0.29638194035396	314	0.13191998792302	1.06400757042891	5383	1.48970191567241	7	7	0	-6.73500950685531
"2"	91759606	91821607	0.412025270069096	534	0.0719328524786891	0.927748362696936	4439	0.273226436354684	2	1	1	-6.74398850753215
"2"	91821970	92291276	0.302127904432799	1965	0.137959792608161	1.0263943602601	26936	0.769926310115702	6	6	0	-6.75944605610201
"2"	92291398	92291584	0.0741081819351119	17	0.0792965394987107	3.91661136001026	166	1.06951182841217	20	20	0	-7.54500790191816
"2"	92291682	92296409	0.308376781767921	46	0.116679990957555	0.734233094427137	1146	0.357463664509064	6	6	0	-6.74245283081227
"2"	92296425	92325977	0.276120816544157	648	0.137314762975552	1.42640564093356	14601	12.4104589637898	12	11	1	-6.73313469697836
"2"	95335315	95508671	0.231779285054161	134	0.137070141168837	0.975639553736655	7994	0.331915556156565	9	9	0	-6.94215295956125
"2"	95508738	111854524	0.392249258043777	9390	0.0952303010261596	0.978376645366271	657784	0.38185431715732	2	2	0	-6.77485613715534
"2"	111854671	114221112	0.387019451863608	1480	0.100235075959227	1.00792109755923	95867	0.465863056092557	3	3	0	-6.74496711831231
"2"	114222420	114467550	0.306796009810146	268	0.144410019884854	1.00345192878083	9536	0.606313366392768	6	6	0	-6.75638365228109
"2"	114470778	117743520	0.413776323406117	2208	0.073931729669136	0.967501373422566	143931	0.30061843965607	2	1	1	-6.75118764591324
"2"	117790584	117867551	0.251466122632359	20	0.180483991125616	0.96207581210461	3303	0.318391088170257	8	8	0	-6.81854189429786
"2"	117899586	132387321	0.403637955998496	7500	0.0881828162436404	0.96214833022784	609565	0.357671163592393	2	1	1	-6.73780859977579
"2"	132392946	132577818	0.241841324235925	94	0.127787653092045	0.93528611514075	7801	0.348066104426295	8	8	0	-6.94845829851119
"2"	132582125	132774983	0.383829201279082	368	0.0947116010691828	1.00279684334319	9045	0.380131185793666	3	3	0	-6.7389207362136
"2"	132775017	132994962	0.291485386993333	815	0.136736935169001	1.00847551822819	15091	0.37744708886941	6	6	0	-6.79860658075863
"2"	132995057	133001898	0.277950825627955	91	0.124735700069366	0.708591946375979	1267	0.403812351731298	8	8	0	-6.74627588882498
"2"	133001902	133036280	0.327666131087118	1277	0.110282281752049	1.01283605683233	5141	0.423774400332246	5	5	0	-6.73865412791071
"2"	133036337	133037537	0.310453265444293	78	0.0961151559855323	0.669609634242316	139	0.14139015855678	6	6	0	-6.74981061217316
"2"	133037614	133038366	0.355258730945495	34	0.119348424144649	1.7640138994805	68	0.740735506392263	15	11	4	-6.7330439700563
"2"	133038378	133044632	0.366266484543647	218	0.11871088249523	0.967589910984546	640	0.327218246356661	6	5	1	-6.73558188675807
"2"	133044644	133044935	0.113173086091953	10	0.140327236605491	0.410646401776902	31	0.108702464583153	20	20	0	-6.88417820029056
"2"	133044962	133576495	0.414905556912081	1487	0.0766309762381937	0.945274122753596	24898	0.333242038211469	2	1	1	-6.74903831390253
"2"	133579400	133579679	0.0618437780486402	11	0.0324112774985947	0.749585263368163	23	0.160365269815025	20	20	0	-10.3689247416305
"2"	133584061	138746449	0.413975372872032	2984	0.074727784096783	0.959366617175849	225420	0.313260218578745	2	1	1	-6.7481358471488
"2"	138746688	138747214	0.198255904767413	25	0.0652138022200822	0.868790976609418	46	0.182498213875185	16	16	0	-6.7398558829606
"2"	138748302	170250318	0.413560691667588	18476	0.0735637425578319	0.976560163020649	1375300	0.304316585919978	2	1	1	-6.85420007319167
"2"	170255190	170606527	0.214089968148939	13	0.163990618868651	1.00348021505245	14962	0.361179564311999	7	7	0	-7.02062057978581
"2"	170606556	214240593	0.413191301134989	23029	0.0771515094755613	0.984431469919462	1903530	0.314103353525451	2	1	1	-6.99226646154436
"2"	214272361	214682016	0.206558094908486	13	0.206070967362566	0.991585337190062	17603	0.301262929338456	5	5	0	-7.04178124735346
"2"	214685803	243185679	0.406331238888313	20150	0.0822687199208358	0.981907382740691	1211490	0.346279559392798	2	1	1	-6.84898484019101
"3"	61495	604859	0.417551813898073	188	0.0713708399239062	0.896406603905029	23358	0.27293002527852	1	1	0	-6.76443294713874
"3"	614725	662060	0.302968588480652	90	0.129303763174303	0.906339474688255	2346	0.292873992370499	6	6	0	-6.77531925724756
"3"	662522	5630529	0.407788134708325	5065	0.0773099123615752	0.917582232670997	217700	0.303132958210677	2	1	1	-6.78512707715529
"3"	5633135	5633401	0.0847448588288691	9	0.161453553692695	0.909212400487688	19	0.175910164472984	20	20	0	-6.91156816209947
"3"	5633894	10035525	0.409969095520817	3887	0.0753830487607692	0.915518878728469	192315	0.303191683498882	2	1	1	-6.78775561707874
"3"	10035531	10225404	0.275878844890197	107	0.115469041103489	1.03570796341393	8089	0.414949376077752	8	8	0	-6.79876838139218
"3"	10235666	16406628	0.402269570428136	4894	0.0815054266321634	0.930681763707182	264930	0.345981821026012	2	1	1	-6.75223325677533
"3"	16406647	16409754	0.292365657409842	160	0.104452293434724	0.822027804095256	303	0.259291882628273	7	7	0	-6.74228209620236
"3"	16409765	35146508	0.409752615416819	14101	0.0750852666613541	0.922670182502204	819241	0.298492929779869	2	1	1	-6.87783442506185
"3"	35147012	35147333	0.0931571267143212	10	0.144350691796826	0.878408923796656	26	0.282246910455258	20	20	0	-6.91332600561905
"3"	35148334	46857505	0.405993983269998	6408	0.082201825157596	0.922766513791558	506746	0.313084353296469	2	1	1	-6.81348540600214
"3"	46877243	46881987	0.118634794579081	9	0.133942566464553	0.914384854180045	205	0.302823837276335	20	20	0	-6.85713797148225
"3"	46884477	60541735	0.403067626250322	6541	0.0834810445048748	0.941363031196849	577318	0.356658731358631	2	1	1	-6.74485195214471
"3"	60542151	60559047	0.119979695333656	9	0.177268158449283	0.933952235863721	744	0.31001967600597	20	20	0	-6.87289563531659
"3"	60576077	75615967	0.404910878046244	11168	0.0805552360180342	0.916037168824497	652258	0.297153177215543	2	1	1	-6.89916775692643
"3"	75679697	75912892	0.277291106529983	1023	0.133064197562301	0.964113504475105	8998	1.08063864486891	8	8	0	-6.75185108868626
"3"	75913405	75997881	0.333100236544241	258	0.114000302954372	0.926914226955671	4140	0.292797844742408	5	5	0	-6.768275383337
"3"	75998132	77827061	0.410171253752126	1962	0.0770090354386658	0.933017261336194	80637	0.281805158486537	2	1	1	-6.74597683007342
"3"	77828150	77829434	0.276328353131733	34	0.0777077400898728	0.948649149409632	118	0.217174825483962	12	11	1	-6.73902628732969
"3"	77829510	77831777	0.423652933273104	147	0.0597684805742282	1.01962047385509	253	0.211931505480534	0	0	0	-6.80732921454034
"3"	77831797	77843196	0.248447533444395	53	0.118680884706742	0.952242897255773	644	0.289173806727513	10	10	0	-6.75597615173708
"3"	77843644	90319776	0.411823672088897	6893	0.076364779290303	0.942635379470965	544688	0.286773286631864	2	1	1	-6.75551502296385
"3"	90319962	90349804	0.260744183890123	32	0.180814016794481	1.07509767030562	2331	0.506087243563286	9	9	0	-6.74184013650384
"3"	90350916	90354257	0.0816689074912371	18	0.0572748504732402	0.659971158854988	412	0.309037030400165	20	20	0	-7.99881382912662
"3"	90355214	90450142	0.34781541115903	138	0.132409205352641	0.883897409890707	7520	0.330940084235228	4	4	0	-6.76104690520926
"3"	90450319	90504745	0.267567476384227	342	0.137334576452745	1.25886825642841	8544	0.923292240862793	9	9	0	-6.73422850315123
"3"	93505463	103319198	0.414875027001154	8536	0.0731399355852038	0.98446376432937	434597	0.3044478165518	2	1	1	-6.81154553697715
"3"	103331779	103340541	0.17146086643159	10	0.107460793884199	0.97349157042918	384	0.361564357135106	20	20	0	-6.76356910382791
"3"	103351335	105015374	0.416921310891375	1346	0.0673744828299566	0.995406892216263	73841	0.291431866667737	3	2	1	-6.77532905701935
"3"	105015702	105016755	0.186708911522135	9	0.204571163928622	1.17742639793705	45	0.421916476487128	18	18	0	-6.73440716737422
"3"	105017552	111244569	0.41482380615816	4358	0.0732351490484276	0.978232278565039	272950	0.305426407846046	2	1	1	-6.77473157101369
"3"	111244827	111274605	0.18340298435341	9	0.102075679985217	0.97858704095919	1345	0.295404235991324	16	16	0	-6.85295876171937
"3"	111274914	125468079	0.410931715044112	9167	0.0758699987647693	0.965209490852138	621000	0.312505588111197	2	1	1	-6.75193796738492
"3"	125470273	125567840	0.246657835285054	65	0.119572087606663	0.97232018366516	4525	0.341811293552849	9	9	0	-6.84443680258474
"3"	125583809	128344786	0.40372693397571	1540	0.0842683245593347	0.958637099214589	115601	0.360686519435353	2	1	1	-6.73343711088975
"3"	128347196	128347508	0.149488980353848	12	0.080081161481602	0.956054372681607	29	0.303830001729156	20	20	0	-6.78574605941635
"3"	128347642	129683016	0.408054030247203	849	0.0832137639645349	1.03885587848045	56013	0.397818337774403	3	2	1	-6.73624236062092
"3"	129692641	129815386	0.252245695176036	94	0.125969584850793	0.969061292523109	3671	0.444838330799224	9	9	0	-6.81210771923729
"3"	129821465	132889945	0.412674051647991	3087	0.0757522046492744	0.95929214859764	135062	0.307969250781567	2	1	1	-6.74444368107362
"3"	132894581	132894825	0.00415482191795179	9	0.00966666666666667	0.607746192359953	20	0.194878497909257	20	20	0	-19.1208782658477
"3"	132908712	192460543	0.412660279396629	39440	0.0760649943360905	0.982208837428754	2603461	0.318093798314478	2	1	1	-7.02570100960225
"3"	192461751	192462038	0.200036306982217	10	0.143977814649032	0.437627067062875	19	0.185254921567316	16	16	0	-6.74480170317475
"3"	192463220	195199191	0.406411767884272	2269	0.0771415771566329	0.98411227843464	118382	0.342287111485596	2	1	1	-6.74791579685133
"3"	195199202	195231783	0.219787942446442	97	0.135235344373051	0.847980228110797	1868	1.18256536777692	13	13	0	-6.7414950363687
"3"	195232153	195848326	0.34033087316104	898	0.121075050786774	1.0374393847664	25799	0.504016829098653	4	4	0	-6.74804645511511
"3"	195848911	197110726	0.406608056821004	791	0.0835497010290725	1.07303920870323	53486	0.412654163346386	4	2	2	-6.73878105333758
"3"	197111132	197761073	0.334125263774952	251	0.128629779504199	1.00012999222695	28179	0.399327177748314	4	4	0	-6.77398509284947
"3"	197772653	197777118	0.0748968355567343	9	0.0900913117034292	0.889642481315867	200	0.331997260235714	20	20	0	-7.39343152724289
"3"	197777311	197842617	0.419830928784349	111	0.0713917707469491	0.98799146972145	2569	0.31179214804553	2	1	1	-6.76878456034786
"3"	197844216	197956347	0.323895208397231	104	0.13562228958825	0.99186078200363	2940	0.477488011855891	5	5	0	-6.7464139537552
"4"	13774	3536176	0.379932380253731	2037	0.100965479787268	1.02564241228577	131294	0.468078009935614	3	3	0	-6.73472178981309
"4"	3537930	3572854	0.282283733153686	91	0.133499386525505	1.08579351443127	1424	0.634850595473472	8	8	0	-6.73669239538263
"4"	3572887	4108394	0.397492054479186	2121	0.0863424243856799	0.95718848142067	23742	0.374893809964569	2	1	1	-6.73504709332687
"4"	4153919	4157197	0.0467415055196201	11	0.0419937224745881	0.884927794149102	118	0.361809005029625	20	20	0	-9.84322762374755
"4"	4159556	5763319	0.393086797959786	1767	0.0848769696682642	0.936103792600906	70047	0.36846909963768	2	2	0	-6.73572351843846
"4"	5765002	5769399	0.213416041601128	19	0.115972723149109	0.814811604513985	143	0.532789492166157	14	14	0	-6.73956139113742
"4"	5769428	26167287	0.404053845153038	16405	0.0809537374665041	0.96355540117665	875761	0.326934325442418	2	1	1	-6.74414256258431
"4"	26167487	26171118	0.184840706869904	22	0.159357503283698	1.08375027661314	158	0.519906923150501	18	18	0	-6.7369421372118
"4"	26171692	30279742	0.413820788499212	3424	0.0725599176605047	1.01540908830594	181853	0.317971116274746	3	2	1	-6.75348910808587
"4"	30280175	30280267	0.114803880938677	9	0.0736264973437628	2.59285825136923	14	1.10348390349598	20	20	0	-7.08581653141697
"4"	30280271	33840374	0.416606108531712	3108	0.0702396026452667	1.02414302284058	157472	0.316831263923141	3	2	1	-6.75870216723403
"4"	33840538	33842798	0.211520662012516	21	0.0863177132403751	1.00615468269373	139	0.37293758763454	14	14	0	-6.73779116534559
"4"	33842808	34000473	0.385216488581774	321	0.0956246351773628	1.01611105729433	7412	0.291367417789439	3	3	0	-6.74018875215579
"4"	34007417	34009108	0.196901780215673	17	0.0654666506928618	0.90636978119668	96	0.216163972595448	16	16	0	-6.74757052146655
"4"	34038570	49093299	0.410764084555508	10267	0.0769331092416186	1.02322505545196	663580	0.332794287457909	3	2	1	-6.74444328558142
"4"	49093338	49097376	0.310014776337402	104	0.124066097187133	0.954130879642276	2746	0.881185988833832	13	11	2	-6.73451933125613
"4"	49097499	49097896	0.202811125419588	17	0.165307623218403	3.4454516189215	178	5.47126219313555	20	19	1	-6.73321779300172
"4"	49097916	49158608	0.317831915216032	1408	0.117075890316895	0.829012233879311	35197	0.802170911718736	6	6	0	-6.742982388137
"4"	49158610	49660066	0.286940906886027	2152	0.1315354427178	0.859684427196405	27257	0.869560644807918	7	7	0	-6.81473905154075
"4"	52660684	52661662	0.0512197360370416	14	0.0963748405451853	10.1203212090341	85	9.47404280499452	20	20	0	-7.56398582358395
"4"	52662157	52680798	0.313224722867292	12	0.186048930514138	2.2344325675827	358	16.7829332524762	19	15	4	-6.73304586074221
"4"	52699324	58722227	0.411144517237215	5829	0.0757413566013461	1.00630300988833	265208	0.331589901368433	3	2	1	-6.75978334670327
"4"	58722252	58723571	0.229944946594186	20	0.121603443077986	0.92154639036518	44	0.347581984944456	12	12	0	-6.73624864017021
"4"	58723678	68250136	0.411018466274071	7272	0.0756130702960846	0.993537193688666	418272	0.300569756773081	3	2	1	-6.82443180419444
"4"	68264225	68264698	0.209566453267609	27	0.0462575781117379	0.922389967860588	305	0.366896301820971	15	15	0	-6.73652322197739
"4"	68264714	68266082	0.300562322258173	46	0.117890789140845	1.58003729107429	1038	0.977328128439261	7	7	0	-6.73311201145393
"4"	68266134	70138041	0.39398982005304	1843	0.0830014826876616	0.94185885560458	81472	0.296502347216655	2	2	0	-6.73553572038887
"4"	70138129	70138241	0	11	0	0.639173659149997	15	0.0974690182766274	0	0	0	-Inf
"4"	70138450	103808915	0.393549496387825	23653	0.0847993890766534	0.936223799894698	1465111	0.296614929827256	2	2	0	-6.8151429456737
"4"	103810174	103869212	0.166694849346622	40	0.118460195630085	0.984214711977841	2842	0.334726302892398	17	17	0	-6.93585491769738
"4"	103900650	132598313	0.404063609433193	20841	0.0789413456395384	0.968984146553817	1258491	0.303035476234289	2	1	1	-6.77728255369993
"4"	132609436	132909666	0.265970090286312	60	0.147612797050619	0.983197640016823	11859	0.61341242466611	8	8	0	-6.80385037197611
"4"	132929207	140554013	0.408560380484146	6261	0.0719295727997293	0.988743311925812	335691	0.304862121197669	2	1	1	-6.79894336380688
"4"	140554427	140554906	0.132226863889207	19	0.0810954963741128	0.759853852358782	52	0.208992010932198	20	20	0	-6.88895929566631
"4"	140555490	144632792	0.406008067436059	1949	0.0780323542609881	0.974389278264788	177816	0.309600699510147	2	1	1	-6.74543127536695
"4"	144649347	144988478	0.288579721124732	44	0.147296803457061	0.967289306990488	14704	0.34474503419469	5	5	0	-6.86142351380276
"4"	145019629	148348868	0.408350467604244	2455	0.0758855402542239	0.968080205636976	145929	0.30401398987246	2	1	1	-6.74113370408814
"4"	148349325	148349630	0.103731626080523	10	0.109082843136153	1.05490113253333	25	0.409792093627976	20	20	0	-6.96614356158482
"4"	148349756	174390566	0.406328481471016	17846	0.0784688498290693	0.984892766186206	1143367	0.311969650464868	2	1	1	-6.89123926124993
"4"	174404071	174405613	0.0828598761586543	14	0.14963802478494	0.882305147763883	125	1.15255500183638	20	20	0	-6.94369713236418
"4"	174405627	189424348	0.405386566547291	13912	0.0800714858178352	0.984274196749042	658844	0.321776952764798	2	1	1	-6.81648939266842
"4"	189424532	189429205	0.292647794376372	77	0.116199822882843	0.709657806151615	705	0.26542583582428	7	7	0	-6.75093886283803
"4"	189429874	190148551	0.399256857389935	659	0.0897153476855183	0.9748789886966	31223	0.312727172309337	2	1	1	-6.73582641674693
"4"	190150824	190156070	0.240845474022488	47	0.160390613616166	0.919472402664944	480	0.5572857317467	11	11	0	-6.73679771391436
"4"	190156094	190212361	0.31210441117662	185	0.108822198908693	0.886762008951516	3178	0.339524320901864	6	6	0	-6.76989600752457
"4"	190215614	190524575	0.399911162198124	541	0.0812494715951452	0.939221331687138	13618	0.301787430558244	2	1	1	-6.73413492486067
"4"	190525605	190756895	0.296624099114111	2255	0.0826303234697465	0.91178489635384	14496	0.248231839894365	6	6	0	-6.99417785668478
"4"	190756909	191044262	0.285464687310602	797	0.14276576135566	0.997542718615578	12594	0.818227902986878	7	7	0	-6.76062780208394
"5"	14676	7283019	0.367852722455961	8238	0.0968026964790007	1.10155470245786	312531	0.410390326396309	4	4	0	-6.74402369562347
"5"	7288852	7296463	0.137123119176976	26	0.104674800435223	1.10127020729191	320	0.394327737121449	20	20	0	-6.81896721945245
"5"	7296542	21070307	0.377867034672244	9899	0.0869975767808581	1.13579326834302	611670	0.369451733890657	4	3	1	-6.79943608574884
"5"	21111248	21522065	0.265177999592374	116	0.129386105292951	1.16276490819813	18040	0.433945893464545	8	8	0	-6.79441508080699
"5"	21523372	46049893	0.378824010280843	19323	0.087193070968907	1.14421064477653	1099369	0.366208197583532	5	4	1	-6.85569810810037
"5"	46051437	46322731	0.334084912178321	343	0.109822175825142	1.12784554516823	14906	0.392388823625834	5	5	0	-6.73552587891008
"5"	46322908	46395853	0.217093858588132	243	0.129449831800463	1.32576531221035	9361	0.976746777351824	14	14	0	-6.738601795213
"5"	49405756	49440739	0.281699026484867	181	0.142444043271295	2.01435681903699	3269	11.8758112632211	19	16	3	-6.73314505303787
"5"	49440780	50446630	0.216957354048158	152	0.145368681300212	0.980730813096461	48469	0.329217046458382	5	5	0	-7.29624642094976
"5"	50493150	70876374	0.405827479960046	10886	0.0777398439909517	0.978153979236085	822171	0.397930433686542	2	1	1	-6.78126026318213
"5"	70883905	163755347	0.404700217435981	57367	0.0803117078013443	0.975941979658248	4049423	0.317086833278439	2	1	1	-7.0024244478044
"5"	163755379	163756017	0.205073899688612	16	0.160849826442762	0.833190886004611	49	0.837685647004459	15	15	0	-6.7334831333696
"5"	163756133	180812514	0.397504316642018	12383	0.0885748612145622	0.977096072354819	716932	0.372866968478017	2	1	1	-6.77602494076498
"6"	158318	26670613	0.404614826356627	22301	0.0802492281736291	0.940970858181738	1152808	0.320767982267456	2	1	1	-6.76343450492261
"6"	26670969	26762543	0.332050692914703	183	0.105775889889346	0.876646234106877	3013	0.494120037110877	5	5	0	-6.75375399844831
"6"	26774287	27152200	0.380609982719375	194	0.106628548465681	0.967543906909737	15180	0.412654032544965	3	3	0	-6.74002547743728
"6"	27152241	27163670	0.192862376630779	78	0.108799786028712	0.981447180213347	675	0.36605608435616	16	16	0	-6.76154898961006
"6"	27164116	29709445	0.406661957943801	1970	0.0804893637003873	0.946598095397713	110166	0.331601620678331	2	1	1	-6.73554357610531
"6"	29709483	29709723	0.157517275811925	22	0.0825884413786254	0.773612870903429	32	0.315421658388648	20	20	0	-6.75569534795066
"6"	29709734	29779635	0.347859717752548	619	0.10953554538719	0.918277831803256	4047	0.352406390831782	4	4	0	-6.74741068780995
"6"	29779665	29784640	0.247008254969165	183	0.113564038006744	0.934045450424544	460	0.317835900337628	11	11	0	-6.74262708217921
"6"	29784666	29945136	0.365662016051343	1869	0.104456725296115	0.951361390669679	9541	0.340567083277905	3	3	0	-6.7430472385289
"6"	29945231	29950969	0.206504529715945	141	0.114430875769089	0.953721638465866	437	0.353490430275844	15	15	0	-6.74702299894769
"6"	29950979	29968080	0.309415988433724	456	0.102082454472281	0.851031783601075	1361	0.246155888986639	6	6	0	-6.76190064367846
"6"	29968180	31356890	0.404868946145397	2505	0.0794595387611892	1.004961886764	60362	0.386839057627999	3	2	1	-6.73717915296641
"6"	31357916	31359173	0.170117914879548	18	0.138097389145809	0.990226846721283	80	0.325678251373532	20	20	0	-6.73847690555602
"6"	31359193	32444915	0.396632115969478	1890	0.0890582039224328	1.02014307208329	43766	0.431238384922032	3	2	1	-6.73580352679025
"6"	32444932	32450951	0.320513494359826	193	0.123048175163444	0.871581003650499	590	0.282060857766726	6	6	0	-6.73978978002538
"6"	32451073	32452956	0.404884015939757	97	0.0932154830951371	1.21783323495748	179	0.588519029466926	7	4	3	-6.73339479209596
"6"	32453057	32535870	0.334361090318553	337	0.123231899837208	0.944979119558269	1770	0.507956306379094	5	5	0	-6.74277991846357
"6"	32535899	32537578	0.161607107903808	26	0.149971058746474	0.590021316942241	56	0.354534309515139	20	20	0	-6.75153148994812
"6"	32537771	32557757	0.374754726429114	710	0.0999876550913307	0.918299293375641	1520	0.325828128653698	3	3	0	-6.73453300864228
"6"	32557759	32557913	0.123196925673998	9	0.083937642198109	0.655989081065985	18	0.141794383029877	20	20	0	-6.9442133212448
"6"	32557940	32558260	0.404872378275015	18	0.0799150079567788	0.541941756165595	39	0.0837581103692746	0	0	0	-6.73764419158303
"6"	32558284	32605738	0.410326037260478	688	0.0729955362361227	1.00642895177556	2553	0.381342423893993	3	2	1	-6.74041644418952
"6"	32605754	32614110	0.395622897033421	447	0.0725297556441328	0.871422847537189	802	0.324387774436453	2	2	0	-6.7349127135618
"6"	32614166	32614534	0.321902300681218	23	0.111168852805055	1.74359291755317	42	0.523955735401091	15	12	3	-6.73304602788712
"6"	32614552	32629847	0.386860000125242	352	0.103885263371684	0.862810938087123	1012	0.351501552200522	2	2	0	-6.73525506932598
"6"	32630169	33102573	0.404759093750025	3593	0.0807480044187822	0.953881494156633	23661	0.331310058586192	2	1	1	-6.73351147416707
"6"	33102730	57205693	0.402943855290061	13603	0.0841891016761421	0.94519870646486	1035589	0.333482803405829	2	1	1	-6.74470403176512
"6"	57205734	57296833	0.437900390533842	1368	0.0530767473388655	0.93066299699302	5597	0.257004823966845	2	1	1	-6.98963239709079
"6"	57296887	57301628	0.268938876174617	11	0.0374721714925041	0.871652491676162	215	0.245003826378754	9	9	0	-6.74672297040724
"6"	57301659	57316249	0.440961422210833	269	0.0479669029719934	0.919524146044108	950	0.191300373003926	0	0	0	-7.0961131412713
"6"	57316420	57322542	0.331250231865312	31	0.0960440311210358	0.841737456944659	321	0.291630688624342	5	5	0	-6.73908304186212
"6"	57322577	57331009	0.436536002480495	172	0.0562940263958862	0.908361989254334	586	0.204544214847124	0	0	0	-6.94368769180071
"6"	57331183	57331649	0.24524946657076	13	0.0532609685344791	0.588555803650153	31	0.142839537010358	11	11	0	-6.74744728972971
"6"	57331756	57369123	0.429396460267874	741	0.0568309110362516	0.909597914255052	2478	0.206341281422636	2	1	1	-6.86597614105289
"6"	57369365	57528844	0.334088536659055	4017	0.0632231067589299	0.945846714273226	12183	0.206253860941507	5	5	0	-6.8439343543544
"6"	57528851	57534730	0.346062920424429	182	0.0779135469230031	0.788833154461648	458	0.213852381403132	4	4	0	-6.74992926549422
"6"	57534753	57567627	0.33321301931041	1237	0.0700585070323337	0.945797256757495	2863	0.189911197913235	5	5	0	-6.76085099449215
"6"	57567640	57575775	0.337016031376131	108	0.080638437685751	0.887899745154193	528	0.25242933016257	5	5	0	-6.73962004092578
"6"	57575827	57597515	0.437482339556436	531	0.0625347550881188	0.988423244182753	1497	0.267561671845368	2	1	1	-6.91566201717902
"6"	57597647	57603590	0.176781463739805	17	0.105827551177542	0.825432299911869	307	0.288678853109271	19	19	0	-6.77604012865262
"6"	57603606	57607448	0.425515915549428	121	0.0643677568874492	1.06316852978507	309	0.280153807402517	5	3	2	-6.80877982413296
"6"	57607505	58192953	0.362534381229331	74	0.0845737630679969	0.919925162476384	22773	0.293533053195666	3	3	0	-6.79798832052246
"6"	58193120	58778530	0.33907998703984	51	0.136558156827333	1.04692803485286	27553	0.314063306933639	4	4	0	-6.75229486880478
"6"	58778531	58779746	0.258642630661322	9	0.142919654973617	1.27036928233894	960	15.9394739994972	10	10	0	-6.73315209361839
"6"	61884216	61911976	0.308069141092112	53	0.106516568619257	1.07218159022938	3449	0.495417775620051	6	6	0	-6.73861909034087
"6"	61912490	61913908	0.248005932131538	29	0.132235990346264	8.90828450857634	668	7.34377367748921	19	17	2	-6.73315044907762
"6"	61913918	61914441	0.286756713899926	26	0.0901426988382651	0.622579087122962	411	0.183772044485718	8	8	0	-6.73992201159017
"6"	61914455	157735340	0.409870704445314	66494	0.0773764435647023	0.937206553219029	4176771	0.300626309877549	2	1	1	-6.93716555599705
"6"	157740553	158580616	0.402777747635313	615	0.0798952320388373	0.944157677340846	36129	0.344476054641145	2	1	1	-6.73351382348154
"6"	158590457	158722771	0.184043018447462	24	0.156872507775111	0.97116936312405	5506	0.326399040521245	11	11	0	-7.02019315334709
"6"	158737751	162294241	0.398861849463007	2601	0.0846029868382535	0.933583829418969	152716	0.598402352586391	2	1	1	-6.73696315590003
"6"	162295289	162296164	0.168545211957478	9	0.21650635094611	0.38921611464043	42	0.530281496147843	20	20	0	-6.73924705961834
"6"	162298351	168961200	0.401303012514065	5890	0.0881229125765933	0.924346087510427	282026	0.319463994209578	2	1	1	-6.77245099929042
"6"	168962330	169060393	0.175815930047621	24	0.139279408467973	0.916418013989152	3833	0.365407395513698	14	14	0	-6.99657355335067
"6"	169060397	171046369	0.379209789223362	1199	0.10290590959022	0.90228214883348	76345	0.338668767292284	1	1	0	-6.76933718442904
"7"	23700	35964668	0.409844347790824	33759	0.0781312108957302	1.01980626247605	1547195	0.35399362428063	3	2	1	-6.75743182514502
"7"	35965952	36067768	0.226531261029726	34	0.129507076593137	1.0296798848403	4464	0.355668776888735	11	11	0	-6.84812739534381
"7"	36080732	37343944	0.408824657400683	654	0.0842214044733056	0.994404005699972	55411	0.328725991401113	3	2	1	-6.74556860536541
"7"	37351953	45882457	0.409448758229099	5268	0.0824166647112048	0.998791183874853	371379	0.342156478021361	3	2	1	-6.78005671012458
"7"	45882853	45886252	0.068139251499185	9	0.128993216875927	1.0365434251407	158	0.297676339022495	20	20	0	-7.12020646636264
"7"	45886798	51443622	0.411073226505895	4961	0.0757851956468343	1.00267590735687	243514	0.328026180197146	3	2	1	-6.76427401261579
"7"	51456212	51552768	0.24362941932984	30	0.151575939770273	0.989218649800955	4252	0.336096483567242	9	9	0	-6.83494648204148
"7"	51577607	56034865	0.411987123976694	4565	0.075741942633375	1.00455765957812	196373	0.329430356853122	3	2	1	-6.75888322781967
"7"	56087174	56185915	0.228557185486235	50	0.160606650941144	1.13854910228664	4159	0.497171270902968	11	11	0	-6.7710539586613
"7"	56185980	56403208	0.404243679792932	496	0.0794166213039108	1.00292527005746	9715	0.36910167144787	3	2	1	-6.73410115693923
"7"	56404965	56422685	0.22654659639137	73	0.130477225279321	1.07144792239411	865	0.386691615038085	12	12	0	-6.7508003047463
"7"	56426779	56553200	0.406730412882363	98	0.0747084803597318	1.03291254696637	5081	0.536666650022901	3	2	1	-6.73515740880721
"7"	56553961	56558366	0.248505592817921	33	0.108155699355283	1.07099373936824	221	0.410304893556824	11	11	0	-6.73658717340535
"7"	56558378	56561499	0.417135346550555	197	0.0671282612620365	0.984453043818868	361	0.349434998453281	0	0	0	-6.7611288937886
"7"	56561528	56561570	0.086501385091355	9	0.0349356551391268	0.931338140184559	10	0.108640334232836	20	20	0	-9.13404885383158
"7"	56561655	56564089	0.386518058270406	192	0.0841966010390387	0.836858610151633	303	0.251779720183069	2	2	0	-6.73597548868924
"7"	56564105	56564171	0.116830936947928	9	0.026542418879974	1.25590841964928	17	0.279542680630557	20	20	0	-8.64998559524061
"7"	56564184	56860829	0.398752463640577	669	0.0855603891115605	1.02929921495203	13191	0.387935747050848	3	2	1	-6.73405242349011
"7"	56862481	56868303	0.194159990032819	45	0.110656092046804	1.08124668704211	334	0.39673882434877	16	16	0	-6.74284198235061
"7"	56868374	57506071	0.363210852819103	408	0.12037167951084	1.01585709489996	20366	0.457024026378955	3	3	0	-6.73908646193836
"7"	57507986	57605729	0.25951001197626	102	0.141628739198778	0.856362651070425	6736	0.408725207935031	8	8	0	-6.83713948627443
"7"	57605796	58052952	0.292936403800196	3163	0.135740143259314	1.06702429242582	40387	0.950240435260341	7	7	0	-6.74935751485609
"7"	61054376	61084291	0.300715805068382	214	0.132303329717598	1.025757196463	4947	0.638281652902812	7	7	0	-6.73616153979881
"7"	61084363	61090344	0.254146368873706	93	0.126474659165145	0.721432687536512	1493	0.562689195496879	10	10	0	-6.74004410060857
"7"	61090361	61286551	0.227837199577237	88	0.149485664696797	1.0965353672707	2757	3.03519301879403	13	13	0	-6.73648680511458
"7"	61287530	61397466	0.142972676832252	35	0.171960528986776	0.94572930273151	777	1.45765256360314	20	20	0	-6.77631422856117
"7"	61397476	61538184	0.414758907610676	188	0.0745586389475507	0.965133164479554	2386	0.710352208305412	2	1	1	-6.7493028361108
"7"	61541979	61741562	0.289784180103531	182	0.138285134189053	1.0115711670431	4454	1.02950253077062	7	7	0	-6.74465547336571
"7"	61741591	61820493	0.32649901549059	1846	0.100806099216177	0.82839286097112	14922	0.403037100040529	5	5	0	-6.77437829235041
"7"	61820531	61821527	0.24381508774246	34	0.133923888246785	2.25501551907508	144	1.26725774632075	11	11	0	-6.73310077440059
"7"	61821535	61866711	0.302414157722154	393	0.113874040670834	0.994261075623499	4161	0.485087262527306	7	7	0	-6.74348050021352
"7"	61866912	61967203	0.426393710609224	434	0.0612209801272704	0.977677003573877	3090	0.245672200560854	2	1	1	-6.82385911424805
"7"	61967468	61974224	0.233247389269709	106	0.131234849808018	1.28828493029261	3147	1.30425166796009	12	12	0	-6.73324875983986
"7"	61974309	61975075	0.204296577198893	22	0.140847681074518	29.5872910541428	222	32.3053165196438	20	19	1	-6.73309456876013
"7"	61975371	61975559	0.0772955482637981	18	0.041970422202657	6.20717775897432	84	1.60156118846272	20	20	0	-8.87060291424374
"7"	61975634	61978689	0.212187081067232	67	0.140102261224368	1.154219678354	797	1.85590556375252	19	18	1	-6.73327426238075
"7"	61978738	61981330	0.298743313228188	62	0.127620683544336	2.73662921569476	968	2.78010608460351	17	14	3	-6.73305987686744
"7"	61981383	62028112	0.236977885544781	195	0.132563103343132	1.03671085103299	6478	0.482986983898444	11	11	0	-6.76038424335579
"7"	62028298	62123877	0.146871816884385	50	0.112737470003797	0.987628398258857	6169	0.338790152257609	18	18	0	-7.09750224041083
"7"	62125843	63237608	0.330689969853605	431	0.128970262475628	0.995452537710784	38566	0.483947775758855	4	4	0	-6.78633687258085
"7"	63238706	63296575	0.0467818363962019	19	0.107717412407059	1.01633221580808	2369	0.405588997253088	20	20	0	-7.60216454358934
"7"	63307019	64474547	0.399468104511446	1180	0.0906400606354519	1.0420623405778	51086	0.369607398266476	3	2	1	-6.73424253885112
"7"	64474629	64476743	0.0560352777133589	11	0.0824582539007687	1.13292466750148	129	0.468803470981252	20	20	0	-7.75003921776558
"7"	64477444	64571014	0.349436757258923	295	0.103427717724639	1.13255302099288	4280	0.530560008325631	4	4	0	-6.73493346359731
"7"	64571088	64576651	0.141617619542803	30	0.155110790956865	0.783892088370329	249	0.370707668925225	20	20	0	-6.78607629058021
"7"	64576663	64953787	0.379300637692529	569	0.104279499882028	1.07244252662933	15184	0.659079017099578	3	3	0	-6.734912081762
"7"	64953953	65261306	0.315023839081486	431	0.130509917140097	1.05108015517693	11110	0.724864282385513	6	6	0	-6.74458262205665
"7"	65261367	65290615	0.421564966164464	655	0.0644739387535189	1.02738033102567	2072	0.274851851901952	3	2	1	-6.78622605749482
"7"	65291601	65309754	0.289155663640383	85	0.156940890583859	1.06016422980313	976	0.452816029103094	8	8	0	-6.73810452793526
"7"	65309871	65314276	0.0843218599218059	14	0.0886481190493572	1.05028373806825	180	0.34805809339092	20	20	0	-7.29369334434158
"7"	65315514	65825257	0.39813297996169	159	0.0854686793606869	1.10691815058485	21558	0.445589601596649	4	3	1	-6.73335205716584
"7"	65832319	65834379	0.177088417873554	28	0.0867384013257696	0.842670608554509	142	0.253278162579399	19	19	0	-6.75182133244933
"7"	65838141	66025641	0.394946071336872	44	0.0931978362450604	1.06952224230134	7812	0.392888636851603	4	3	1	-6.73398870157403
"7"	66027593	66031952	0.219107105787103	59	0.0997861272243826	1.08358466176255	279	0.268868214001485	13	13	0	-6.74374901805671
"7"	66032955	67592680	0.395918260764856	1439	0.0884117122898954	1.04656287488496	68098	0.414068875147708	3	2	1	-6.73743678631084
"7"	67593690	67640686	0.341969488222252	305	0.104975511750595	1.02835117566786	2414	0.35119684835126	5	5	0	-6.73996906121858
"7"	67640977	76051306	0.401212132984107	4558	0.0878284927664616	1.03344252902669	317138	0.449951486711256	3	2	1	-6.7333167222929
"7"	76052505	76715969	0.353968737376236	536	0.124637234296044	1.06952998960538	23213	0.594271784231563	4	4	0	-6.73440637595402
"7"	76716147	88063545	0.414411932749104	7601	0.0743610602927154	1.02249788642289	501468	0.323065996960557	3	2	1	-6.75294763720071
"7"	88073554	88182565	0.176429692786075	9	0.171523645924144	0.987522168256594	4707	0.291381148046274	11	11	0	-7.01941284116828
"7"	88196287	97512690	0.412529514967634	5331	0.0743461982895368	1.00071716598679	409003	0.308746667565761	3	2	1	-6.79453578290889
"7"	97538669	97573721	0.206264488017917	17	0.109217167633492	0.971006757034085	1612	0.379338856111258	14	14	0	-6.7990791678007
"7"	97575205	100546732	0.391133590010543	941	0.0970950711934904	1.08306380773636	123091	0.440239512106322	4	3	1	-6.7389777813602
"7"	100546741	100546946	0.112481324534605	9	0.180034564582595	0.708855888234068	19	0.215484874165571	20	20	0	-6.80373293249961
"7"	100547006	100615477	0.374053011175676	534	0.0968381620621826	0.961071601630167	1784	0.348091763833574	3	3	0	-6.7347293779782
"7"	100615521	100616813	0.133323085885658	30	0.0814090070986105	0.948922050077066	93	0.246880940315321	20	20	0	-6.88223495931579
"7"	100617015	100922946	0.362394979287824	339	0.110493723714172	1.11622878708651	12441	0.633671467073663	4	4	0	-6.73567580772994
"7"	100924358	100924718	0.0578967496707389	14	0.0630719543741228	0.559729054846114	30	0.15811281073822	20	20	0	-8.28117085547198
"7"	100924750	103851564	0.402343624991726	2410	0.0835590735752364	1.04437709992345	116519	0.448048018138988	3	2	1	-6.73458709900449
"7"	103851943	103856364	0.250953753019457	35	0.109138166998527	0.967958382813147	236	0.47778600943078	10	10	0	-6.73731694029241
"7"	103856802	137406740	0.412406325110574	19792	0.0771475360226747	1.00542875012858	1466232	0.324188797185133	3	2	1	-6.8576465030016
"7"	137407002	137407217	0.0527630897221588	9	0.132572412079001	1.0764493913799	22	0.202790153410727	20	20	0	-7.19153319413323
"7"	137409707	141995595	0.404287704457394	2229	0.085604956079634	1.01327675986628	197904	0.363321355834249	3	2	1	-6.73929812421868
"7"	141996184	142188789	0.274658427639777	891	0.117113170070523	0.91113044611288	8285	0.291201533484702	6	6	0	-6.94854836395535
"7"	142190613	142191474	0.152028382837507	25	0.121342119645241	0.649240211188874	80	0.196301256710384	20	20	0	-6.77261842197004
"7"	142192412	142247932	0.329624722838974	176	0.10955571182511	0.941815796107254	2824	0.298406284433088	5	5	0	-6.7540348698356
"7"	142248969	142433574	0.407110045763048	227	0.067109167517546	0.976293923146511	6053	0.334401437945489	2	1	1	-6.73641372745349
"7"	142433997	142468232	0.319414701084501	183	0.128153989969173	0.952018731060916	1877	0.326489514721466	6	6	0	-6.74838400529447
"7"	142468794	142471999	0.0739694556711784	19	0.0680926441485018	0.917962549277117	195	0.304372568976641	20	20	0	-7.80862313429674
"7"	142472022	142499884	0.298487887539466	60	0.12348137396998	0.97823710325477	822	0.38604121651427	7	7	0	-6.7439339331322
"7"	142500409	143222334	0.409709208053819	359	0.0786739373164883	0.975384009273057	31275	0.335044208556326	2	1	1	-6.73996341557145
"7"	143223900	143515593	0.322218548952312	93	0.135579272495595	1.02552485763655	3140	1.27690096229148	6	6	0	-6.73859818501829
"7"	143520655	143877207	0.413334925243496	394	0.0742270801026866	0.99514713773864	14461	0.389725115462893	3	2	1	-6.74802292755776
"7"	143878206	144073111	0.292938665961215	106	0.145653670205062	1.03574273342429	3363	1.65783977130399	7	7	0	-6.73696512317227
"7"	144074629	144878177	0.41376608444029	625	0.0718032901181754	1.0023849265908	35482	0.320490240312217	3	2	1	-6.75193630952872
"7"	144889849	144937159	0.131822289930032	10	0.181107978841353	0.987972618072303	2066	0.349992264362748	18	18	0	-6.92543039970792
"7"	144954605	145256723	0.415569842189278	408	0.0714461017027758	0.976806278896218	13524	0.289051447675875	2	1	1	-6.75431764428208
"7"	145257129	145260449	0.22657307289032	15	0.138195100181901	1.1001817644981	157	0.443155719438156	13	13	0	-6.73563601776447
"7"	145261385	146418138	0.411904587035084	329	0.0770106903886176	0.997484418621119	50521	0.315777084279033	3	2	1	-6.74976872138847
"7"	146418153	146418907	0.169310771513127	9	0.100051236873914	0.575220871083591	43	0.249859340274645	20	20	0	-6.74796020032656
"7"	146418913	150000008	0.401687744939696	2445	0.086501092246862	1.00878951919304	153568	0.369456622918715	3	2	1	-6.74020887124142
"7"	150002859	151907327	0.403617983911599	1529	0.0859391044625843	1.03049131647708	80054	0.388284895598906	3	2	1	-6.7331746835509
"7"	151910812	152088616	0.298351077905882	343	0.135351951097057	1.05048695132954	8935	0.381553276201137	6	6	0	-6.76793677813009
"7"	152091601	157253278	0.395478271508433	4609	0.0869537679450428	0.99472672026221	216877	0.374025065782569	3	2	1	-6.76426143038866
"7"	157264857	157275477	0.194743162921036	15	0.115298288096985	1.03829874506954	463	0.447072990791343	16	16	0	-6.74796967322941
"7"	157278069	159127955	0.385037025165483	1720	0.103909078433804	0.983468001302862	76278	0.382402870167486	2	2	0	-6.74264908273474
"8"	33923	2237478	0.37819578616397	3415	0.100169232533063	0.831409397382748	85366	0.31236337814837	0	0	0	-6.78695051872396
"8"	2237838	7339084	0.403235992874749	9044	0.0808619690741663	0.848438889298556	215731	0.302387113849061	1	1	0	-6.77190410804692
"8"	7339182	8089277	0.28690394754883	274	0.135052927355715	0.860336850536893	7617	1.28640368403346	7	7	0	-6.79036451589066
"8"	8089693	14343652	0.397673405701626	5924	0.0855206980883837	0.850408230074628	254411	0.322142414822701	1	1	0	-6.77063663125309
"8"	14344164	14346393	0.21297313786912	54	0.096624419670132	0.779312663538073	173	0.253577253934308	14	14	0	-6.74921019196629
"8"	14346737	43760453	0.395490716290277	21802	0.0821765246802523	0.890905898671347	1270385	0.312404655390043	1	1	0	-6.77552105412951
"8"	43760504	43838333	0.247785713094537	365	0.142828379913398	1.35419875587262	10347	3.59693450938205	11	11	0	-6.73342254048244
"8"	46838943	46877501	0.28593385574581	232	0.129372043120318	1.4077610275123	7200	17.8645116469259	15	13	2	-6.73313666847083
"8"	46881027	46907817	0.193583834556916	69	0.120982150473377	1.00929601210324	3180	0.399939242048042	16	16	0	-6.78239327159883
"8"	46932611	51581895	0.409283852996936	3623	0.0780273226656638	0.888667119400511	200317	0.307049276004935	1	1	0	-6.74313209764815
"8"	51582243	51599714	0.0228320068671245	9	0.1	0.88423922970138	771	0.342688635230125	20	20	0	-7.93184952346344
"8"	51629082	86564461	0.408949982829256	23559	0.0769410707151127	0.895575444197454	1516693	0.301941557073278	1	1	0	-6.82874206952781
"8"	86565207	86846445	0.301685533452787	32	0.125709855389048	1.18624794766428	1400	9.26840690998044	7	7	0	-6.73325533749273
"8"	86849171	119675253	0.409373621771755	21005	0.0776953242415735	0.922523725080443	1428438	0.301520667735258	2	1	1	-6.97501764868997
"8"	119685652	122337587	0.379168037024907	2366	0.0848794051130658	1.21194560152531	120096	0.381003231317583	5	4	1	-6.74106257214417
"8"	122337780	143304956	0.402217760040097	14792	0.0818501897801202	1.06049087672873	918225	0.364475208559306	3	2	1	-6.80979639171651
"8"	143323188	143337642	0.159868938325263	23	0.106831772745678	0.969301831351384	538	0.327105740670823	20	20	0	-6.8036300189995
"8"	143337921	146301046	0.38229841599147	1895	0.104524355521082	1.03076745195836	94983	0.447738349553396	3	3	0	-6.73601202487245
"9"	10503	200893	0.277544658949618	99	0.151097732061392	0.974537929427118	5939	0.735415842753763	8	8	0	-6.76296737288965
"9"	201261	15535281	0.402881907680716	12806	0.0792247980785645	0.895812461239903	668251	0.288242327859059	1	1	0	-6.77819459188191
"9"	15569842	15663009	0.0454996796857538	9	0.116	0.904815072353463	3991	0.299076525967654	20	20	0	-7.89391595327613
"9"	15738050	28187479	0.401096127680901	9868	0.0811282247065566	0.886414830777663	541787	0.287846018476297	1	1	0	-6.74152358859202
"9"	28189267	28189695	0.226931511560102	20	0.147111880088448	0.449127123723604	63	0.151479158579228	12	12	0	-6.75449957253649
"9"	28189699	31300007	0.40742875505775	3112	0.0756163168085231	0.917559934493262	136748	0.276912402530213	2	1	1	-6.77268644360251
"9"	31300010	31300382	0.0796990809484882	11	0.057904780772952	0.976462601048644	26	0.191042439908398	20	20	0	-7.99144141595814
"9"	31303301	33382616	0.400455486884283	2037	0.0841088397804091	0.908896369760849	90595	0.307436570276504	1	1	0	-6.74904784426947
"9"	33383461	33402920	0.264108863066934	88	0.145853247483431	0.899063193785134	968	0.410436327739621	9	9	0	-6.7514277985218
"9"	33403640	33790042	0.40330112429977	277	0.0761135298350581	0.915958385958747	16360	0.611646364346022	2	1	1	-6.734137505645
"9"	33793810	33802567	0.214933756864908	102	0.124879529600414	0.897155653843036	612	0.327188353454106	14	14	0	-6.75939909066682
"9"	33802584	38541327	0.392131132134519	3095	0.0889852030726333	0.914325463766097	200207	0.344948998479074	2	2	0	-6.77625486901296
"9"	38541339	38570159	0.201649235448081	35	0.164744594790254	0.836072305733407	1261	0.357190381479579	13	13	0	-6.82218269823564
"9"	38570701	47259141	0.326370343878576	2793	0.135001689934826	0.925883547026812	85158	0.789780382259154	2	2	0	-6.87918360379495
"9"	65596706	69599019	0.313866942462312	6809	0.132516818096227	1.01914091056017	89743	1.67891055654999	5	5	0	-6.76755949290271
"9"	69599076	69694659	0.254582615613967	144	0.158634511736596	0.969767645040554	1132	2.5197994667545	10	10	0	-6.73519445811709
"9"	69694823	69939495	0.294050201780303	668	0.134315085823441	0.959994527333765	6639	1.93167467521711	7	7	0	-6.73827452079857
"9"	69941651	69949916	0.205414523332054	42	0.152388989698025	0.411902393597125	447	0.354044112640626	14	14	0	-6.82466750430574
"9"	69949943	69993525	0.257931238416098	616	0.146313223896046	1.01529587920156	5202	1.23372314992217	10	10	0	-6.7362930730728
"9"	69998217	70005089	0.148631810904393	51	0.157961941308534	9.128103756714	286	9.47580438714441	20	20	0	-6.74731562596174
"9"	70006251	70920547	0.285716277426027	221	0.143724449556249	1.00164379486869	7957	1.60909597661565	7	7	0	-6.75598124539422
"9"	70922205	96382906	0.397416337903214	16751	0.0850956750964083	0.899185959914043	1084280	0.302588820626498	1	1	0	-6.82913688399479
"9"	96383781	96387652	0.131293805673486	35	0.114825077049082	0.759862806079823	235	0.305615329259	20	20	0	-6.84203394112695
"9"	96387675	130893232	0.396320580074573	24162	0.0858837823569141	0.900651187647644	1475362	0.321447143137967	1	1	0	-6.86416714126614
"9"	130893259	132188450	0.39313491792367	885	0.0925878472936507	1.00569648949825	50190	0.442081789880191	3	2	1	-6.74124625987687
"9"	132188526	132188928	0.16120565100017	19	0.135140494361883	0.994044253501856	35	0.283228630514037	20	20	0	-6.73974387275609
"9"	132189270	141025752	0.380970008647272	5999	0.0981506145225108	0.967552032547536	312576	0.419473974302244	2	2	0	-6.74642140655084
"9"	141026466	141140324	0.287021952191665	104	0.14573493155838	0.968972722526845	3604	0.559060606713698	7	7	0	-6.759809600371
"10"	74180	8691160	0.401579299150691	7624	0.0868523549687392	1.03690399035657	375737	0.362861736484328	3	2	1	-6.73455956507649
"10"	8691199	8691482	0.110898221810113	18	0.0761400712996536	0.970718392280803	30	0.247682685393384	20	20	0	-7.10944816230111
"10"	8691499	11406360	0.411777876831935	2395	0.0756428787283865	1.0174430116352	120616	0.31389768184191	3	2	1	-6.74517085433836
"10"	11408712	11411652	0.146743525458016	9	0.153214265364264	0.933601739721548	133	0.547831336936633	20	20	0	-6.75545198214859
"10"	11411785	38464886	0.409120581838291	20107	0.0778695569246623	1.04165578444197	1171152	0.357977663272736	3	2	1	-6.75221239937921
"10"	38465181	38475425	0.220440636915714	136	0.128850182166904	1.03539497757196	790	0.295537162160099	13	13	0	-6.75471194353633
"10"	38475621	38768669	0.382996940703696	543	0.099759300779696	0.999453485732561	12901	0.373740521039603	3	3	0	-6.73813280569404
"10"	38769807	38882665	0.31337755012041	618	0.121752072394823	0.746656128824631	9460	0.211316513110225	4	4	0	-7.02895206539118
"10"	38882676	38888498	0.372266621006995	325	0.0948664625513097	0.844068147837441	1088	0.211707081857403	3	3	0	-6.73660536338406
"10"	38888711	39076581	0.317617687068262	1000	0.134452130687641	1.00101681068117	10592	0.359245681484707	5	5	0	-6.76767346143188
"10"	39076735	39077365	0.240019059783855	34	0.10881915200523	0.466969110529393	164	0.111794134852687	11	11	0	-6.78160217706915
"10"	39077415	39084634	0.317006157076085	432	0.109170737517796	0.940981551391547	2656	0.436204019488552	6	6	0	-6.73497353927733
"10"	39084664	39154905	0.28518459872391	1776	0.125795951568297	0.86874805009418	18867	0.576604568929335	8	8	0	-6.76288233207011
"10"	42354966	42383909	0.322162064605888	837	0.107551630449625	0.757217939456063	15903	0.327017721785521	5	5	0	-6.77410202867686
"10"	42383926	42400804	0.312387057851393	499	0.115275945248648	1.33569093914603	12496	1.29617787882503	6	6	0	-6.73384484068937
"10"	42400815	42528308	0.303657727854226	336	0.140166905154675	1.16963389336609	11040	0.836308093457418	7	7	0	-6.73551373845295
"10"	42528324	42531106	0.29381873261318	122	0.120235949895205	1.41132833427934	1923	1.34221875706649	14	12	2	-6.73321878040896
"10"	42531487	42533549	0.174075009652511	79	0.134231400234179	5.46109718839839	1016	4.65898349738658	20	20	0	-6.73311243266595
"10"	42533647	42536012	0.253455952716849	100	0.13721714855872	3.21150199030051	1251	21.1446291696402	18	16	2	-6.73309775180287
"10"	42536204	42818257	0.295993735002841	1613	0.132111895868219	1.09572823485614	23889	1.38046945012673	7	7	0	-6.7369145157227
"10"	42819722	48353676	0.391732839623098	3632	0.0949743995998159	1.02415614218236	177767	0.43066260167489	3	2	1	-6.74111332957538
"10"	48357077	48359957	0.228813070866474	122	0.0777559698987654	0.96855893636472	275	0.256723210781989	12	12	0	-6.74433255446404
"10"	48359991	51616622	0.393605714457539	1359	0.0984265215783141	1.00236810612405	102910	0.503713524165079	3	2	1	-6.74359693509097
"10"	51616860	51621579	0.181451396887424	14	0.137157325244158	0.791915639064307	65	3.13030584783045	19	19	0	-6.73356996033537
"10"	51622697	54676411	0.407785098043994	1844	0.0833389244617606	1.01495194345386	123364	0.337886427453312	3	2	1	-6.73936779640733
"10"	54691886	54712131	0.146840999197101	9	0.198395088424868	1.05027040039609	894	0.34414163747048	19	19	0	-6.80763811674757
"10"	54715288	58896311	0.415262132340752	3140	0.0705521236482607	1.03373805989079	185249	0.305201115597735	3	2	1	-6.75352905506758
"10"	58939841	58950042	0.186858453798297	34	0.0971257339722254	1.04110443913092	507	0.247745000633419	17	17	0	-6.78318959426983
"10"	58962617	81434564	0.408723021110667	14263	0.079919122590101	1.03893512744434	983617	0.357377944954964	3	2	1	-6.74387471263621
"10"	81435162	93792067	0.406546755962127	9757	0.0785411362709987	0.934466963018361	532564	0.328497375402093	2	1	1	-6.76449403753039
"10"	93792937	93793409	0.107964954096333	14	0.0511492644399433	0.908016844354051	51	0.475215298162678	20	20	0	-7.57372954829451
"10"	93794528	127569877	0.404086963619914	22187	0.0814979937616715	0.937501851659146	1450307	0.330137768617933	2	1	1	-6.79065528289034
"10"	127574712	127615171	0.317938816935305	265	0.1227694598838	0.980747551184785	2559	0.392119539549934	6	6	0	-6.7429692220455
"10"	127615245	135447107	0.392056233565996	6436	0.0937693203863753	0.919080294260717	311087	0.353570982576258	2	2	0	-6.78542442360809
"10"	135447223	135524334	0.304010669584889	315	0.142559821121948	1.36208447607402	3256	2.72973448304668	10	9	1	-6.73314939612624
"11"	131997	178089	0.191811306229508	19	0.161736411072667	1.10156893215293	429	2.22976913791157	17	17	0	-6.735341871494
"11"	178556	4243087	0.37273865347349	3209	0.100226742618946	0.976439745207514	139948	0.414296080328209	2	2	0	-6.76265794171206
"11"	4243304	4370208	0.308743842074998	274	0.120940096708212	0.899939625003003	4980	0.450223360461555	6	6	0	-6.77770364327689
"11"	4370436	17456218	0.390998619624017	9824	0.0853803715405825	0.924946656370325	568202	0.31144554342786	2	2	0	-6.81057444079515
"11"	17456579	17457406	0.11147111333202	15	0.104344758236476	0.866408785676718	77	0.228017854944774	20	20	0	-6.94378888682378
"11"	17457506	34168150	0.397598170387841	14207	0.082145920799397	0.92575741909686	729853	0.298461869584723	2	1	1	-6.83646982656343
"11"	34168201	34168418	0.150362122179196	17	0.0637151865727473	0.663360253109047	29	0.0900876830670769	20	20	0	-6.83276484552245
"11"	34191458	46323679	0.406285235551783	7667	0.0798908855318889	0.984757835364723	530805	0.322067464373185	2	1	1	-6.80333839951497
"11"	46332649	47250130	0.17436413911993	29	0.1793334676262	1.07304858318154	38676	0.410339183116684	7	7	0	-7.16434897486871
"11"	47302872	48360391	0.415170499021931	1032	0.0754051168679025	1.09975876825703	45987	0.428659703533847	4	2	2	-6.75014199929618
"11"	48360449	48360954	0.268814469868436	27	0.0735255057786072	0.886263419960026	48	0.300504622136718	9	9	0	-6.73398933206655
"11"	48361012	48378946	0.415688071537782	528	0.067766977856208	0.974866464712274	1334	0.234750615463765	2	1	1	-6.75585454897226
"11"	48378990	48379193	0.212794359822139	9	0.14012415130083	0.65677815741912	18	0.169676788095192	14	14	0	-6.73781796090485
"11"	48379194	48763136	0.409666078042078	1195	0.0770327195145583	1.02381925640491	18798	0.333423778431022	3	2	1	-6.73862593977481
"11"	48763171	48763681	0.0550858964118214	9	0.0623787713177417	1.64058889158989	150	0.942096236623628	20	20	0	-8.3498682319196
"11"	48764203	48880002	0.317454660553929	299	0.145559468097716	1.12553415308343	10978	0.44333959897071	6	6	0	-6.73752112830029
"11"	48881006	48882920	0.125431295065513	27	0.154089116554207	0.802162223081901	170	0.48439694193366	20	20	0	-6.79513369897768
"11"	48883136	48893486	0.299511209870545	40	0.133058592742311	1.28229543736166	1504	0.628570377486036	7	7	0	-6.7330564640946
"11"	48894196	48894463	0.125767862907066	15	0.0930007680459837	0.504684187203008	116	0.192145984762289	20	20	0	-6.89381517720908
"11"	48894495	48943214	0.35551864903344	109	0.104164655230325	1.12781721137865	3333	0.45068057842608	4	4	0	-6.73308996633079
"11"	48943377	48949070	0.178906654410914	63	0.120335216209191	1.25215951782491	1169	1.02783302441956	19	19	0	-6.73414376290352
"11"	48949081	48963914	0.316803470368508	56	0.148066039144876	1.04843564458499	1881	0.389917292741101	6	6	0	-6.73500042081809
"11"	48964603	50645097	0.414966154172959	2682	0.07336271673742	1.01289485584618	75533	0.333128433105229	3	2	1	-6.75361866402145
"11"	50645137	50646481	0.185699983267062	11	0.161712764436881	0.928680697778203	164	0.246888723411415	18	18	0	-6.742611676592
"11"	50646529	50668955	0.398933637423039	104	0.0904992872116146	1.13804080467186	1915	0.433665307132999	4	3	1	-6.73365171949838
"11"	50669109	50670325	0.107166298102547	9	0.10541584321154	0.915836138023662	160	0.22936350188822	20	20	0	-6.97015809517591
"11"	50670996	50699030	0.40199295464963	77	0.0892310681713455	1.14161533449429	2589	0.384893292859054	4	2	2	-6.73315545289266
"11"	50700425	50701228	0.14304593133181	10	0.128227922076278	1.24189276698569	344	0.584937891717511	20	20	0	-6.76606689428838
"11"	50701245	50770311	0.274655683996083	485	0.153127562580168	1.13269595101185	10527	1.08027555378143	9	9	0	-6.73635000532647
"11"	50770893	51567940	0.41131807923924	867	0.0748091220578631	0.977919126597203	20472	0.323887695354276	2	1	1	-6.74415587930013
"11"	51568117	51581244	0.331633560213587	239	0.128209141702272	1.26783439894677	3091	0.911328669788025	8	7	1	-6.73343869767321
"11"	51581488	51593354	0.291524387749985	194	0.150124099439852	1.49780631791535	3007	2.37268424270624	11	10	1	-6.73307069357185
"11"	54739458	54881619	0.426447059968984	154	0.0635829509857506	0.972501717607332	5046	0.310107936090816	2	1	1	-6.81747005180285
"11"	54883059	54946418	0.347215746143041	127	0.128128449270882	1.00767061179115	4130	0.301873946063653	4	4	0	-6.73897671927576
"11"	54946690	54947791	0.0381855329504719	9	0.0198585274154735	0.80959803654935	102	0.27247705336908	20	20	0	-13.7136784853436
"11"	54948014	54987667	0.401923983174898	51	0.0822419386358823	1.02604790978667	2606	0.317188391837325	3	2	1	-6.73304561055426
"11"	54989553	54998701	0.204882599947981	28	0.166786115925782	0.925365663111736	875	0.248846817833774	14	14	0	-6.77883476345844
"11"	54999607	55824888	0.41055377646533	806	0.0819094980974822	1.02253305223321	39212	0.326095431334423	3	2	1	-6.73942503418001
"11"	55825695	55826073	0.179212220039293	9	0.0987205652333899	0.879609692965759	46	0.173765992903833	19	19	0	-6.73967072691261
"11"	55826497	56141596	0.426944659010236	340	0.0600768270785887	1.03973567081008	14094	0.317810715665233	3	2	1	-6.83262439097981
"11"	56143204	56143942	0.177181730539507	19	0.0807047177182865	0.953459403905984	80	0.299865107859171	19	19	0	-6.7369052861362
"11"	56143966	56462593	0.40981691224736	486	0.0713906417715425	1.01494047749538	14375	0.311827167532069	3	2	1	-6.74016275246942
"11"	56465281	56466956	0.2183993506527	45	0.0876362027954432	0.953329820442822	124	0.193240815017203	14	14	0	-6.74608921863248
"11"	56466967	56473833	0.340867004779322	367	0.0888209841480403	1.01765966191454	682	0.261782898743352	5	5	0	-6.73677850202789
"11"	56473869	56474118	0.167938512679489	10	0.0673436460749391	0.692979675851107	21	0.109870139797161	20	20	0	-6.75448728421224
"11"	56474141	67542592	0.402212193571752	5891	0.0899374678276114	1.07584992234708	460114	0.434867603928453	4	2	2	-6.76127653742364
"11"	67543327	67755156	0.194835485012696	57	0.165362562094193	1.06905865094519	9399	0.437062305616948	11	11	0	-6.90717985173595
"11"	67781525	83123729	0.405361369880895	11303	0.0813628493359338	1.03044655148709	658488	0.371647181876256	3	2	1	-6.73388940679192
"11"	83125064	83130419	0.305041581011498	17	0.175968830796152	0.964694412894705	246	0.27050661489909	7	7	0	-6.73829533976221
"11"	83130595	83131028	0.0682405130718841	9	0.13038692419104	0.698966103072762	34	0.248165721827564	20	20	0	-7.10315993631439
"11"	83131864	89486848	0.411709372125205	3175	0.0771879970047286	1.01426694092382	276935	0.320459108375149	3	2	1	-6.75135158168011
"11"	89487555	90103986	0.345222733162664	131	0.124961228044487	1.03511562213341	17301	0.645338114609459	4	4	0	-6.74076334963843
"11"	90105009	97500749	0.41226152250022	5190	0.0758195548159067	1.00775583701619	318943	0.336156469515651	3	2	1	-6.76296046783193
"11"	97507869	97508403	0.185746590273879	28	0.056237250171735	0.927187794112272	63	0.233246358598121	18	18	0	-6.73740515269392
"11"	97509105	134945765	0.408877559602036	28510	0.0788035310109047	1.00540491367843	1641046	0.338281675163236	3	2	1	-6.85453356279904
"12"	60076	77218	0.230518126599877	49	0.141360015250299	1.01489745893078	587	0.801442701721864	12	12	0	-6.73783141433657
"12"	78330	6037777	0.389627681799766	4533	0.0899435802740423	0.927134345724697	252254	0.338169956551604	2	2	0	-6.75922454700663
"12"	6038498	6041667	0.139466349778776	18	0.153218243252426	0.573493086755029	175	0.28429999592812	20	20	0	-6.80739823336441
"12"	6064414	9739997	0.375973415868235	2144	0.105326746068923	0.989118858775983	149834	0.388476417002408	3	3	0	-6.75757542649195
"12"	9740839	11172632	0.391634219132292	1222	0.0843750077557344	0.977891480846404	62948	0.317065397657844	2	2	0	-6.73817776074246
"12"	11172668	11183427	0.261801738535866	141	0.104007817686064	0.881864127017468	805	0.260571652580177	9	9	0	-6.76228948726286
"12"	11183676	11192211	0.410302041154916	95	0.0705351992533275	0.952325876280179	468	0.29729281525886	2	1	1	-6.74041536439353
"12"	11192252	11218223	0.239916989747376	119	0.102108961380982	0.922431365497189	1479	0.248441811952431	11	11	0	-6.81707393615411
"12"	11218302	11226490	0.407378044758212	294	0.0812952963983955	0.943850209281312	674	0.216805223131999	2	1	1	-6.73522685489993
"12"	11226546	11239161	0.34024862209451	270	0.0956829912801757	0.933984494547387	1038	0.264725852400111	5	5	0	-6.74069129122185
"12"	11239260	11285250	0.257930799117039	183	0.111113817187168	0.949470799794053	2432	0.286419470116285	9	9	0	-6.806815214127
"12"	11285580	24512551	0.393029319009504	10392	0.0853330656899866	0.946635269969718	578864	0.30615736541904	2	2	0	-6.73847280581279
"12"	24513447	31210114	0.411764976352533	5725	0.0761405325282491	1.11940706141311	300108	0.352491050053641	4	2	2	-6.7460541732808
"12"	31210669	31277833	0.321690854006643	98	0.136375786887982	1.14140021755369	2805	0.474080314681208	6	6	0	-6.73561057502262
"12"	31277999	34831108	0.4113643315794	4082	0.077283910758204	1.14661310289723	160257	0.399778156107233	5	3	2	-6.75395712669927
"12"	34831226	34856670	0.285703955692523	511	0.127356467526408	1.20866304574144	9572	0.820000786358085	8	8	0	-6.73372030995907
"12"	37856814	38043414	0.292605808169377	472	0.145321772528418	1.2147822910693	15595	0.469406708298512	7	7	0	-6.73892643738799
"12"	38043451	38049319	0.178407138065662	73	0.152813259612988	0.865598705690062	1039	0.374479583490021	18	18	0	-6.75541002717552
"12"	38049337	38115937	0.26832773193524	233	0.16241072193752	1.32373392855375	8002	0.694995938069604	9	9	0	-6.73420181808668
"12"	38117277	38124175	0.216696481682435	29	0.154227360794815	0.895965396167048	994	0.315580087633854	13	13	0	-6.75439838972362
"12"	38124192	38129813	0.141496493111195	36	0.123311246413551	0.846382070020349	1011	0.438466737832288	20	20	0	-6.78975287696406
"12"	38130979	38140250	0.29199701956074	66	0.12377703467265	0.93169700263679	922	0.285877925205115	7	7	0	-6.74400123348132
"12"	38141201	38141415	0.0103574209664164	10	0.0325714598997343	0.552433101183597	32	0.205661168257482	20	20	0	-12.1068077968718
"12"	38142067	40880545	0.392665216390482	2923	0.0858640682115138	0.931896577399577	124573	0.292751712925621	2	2	0	-6.74376889168581
"12"	40881986	40907397	0.28881051216897	73	0.154675076776937	0.862676100804457	1245	0.26737210427202	7	7	0	-6.77635305183337
"12"	40907510	54475693	0.390959497568282	7892	0.0878903494794068	0.946597132288906	579536	0.337654040158576	2	2	0	-6.73767927585885
"12"	54475737	54503406	0.216045026891937	63	0.115933884790432	0.841708988540868	1259	0.310927562814134	13	13	0	-6.83272172574319
"12"	54503702	105686272	0.394806619221379	35550	0.0843696513698614	0.940800786694705	2230277	0.306751570561754	2	2	0	-6.79824590449474
"12"	105701761	105706712	0.090408808739973	16	0.0971606916401896	0.923219660311261	237	0.284581905374827	20	20	0	-7.16884466676939
"12"	105723859	133839837	0.386102788341756	18682	0.0922673450556016	0.941777396777343	1170022	0.362870279192671	2	2	0	-6.75740068633993
"13"	19020145	19298278	0.320598194764111	291	0.131712165397005	0.93664888433308	11345	0.668622057500769	5	5	0	-6.76077717395246
"13"	19298320	19298772	0.118318124054897	24	0.0625202430985473	0.629114527982604	42	0.172379588164596	20	20	0	-7.17514502899942
"13"	19299281	19643172	0.316579340796011	330	0.141558983287131	0.911395668211499	15127	0.320021346450183	4	4	0	-6.85225777071053
"13"	19643174	19651767	0.417478367484487	364	0.0706803689195304	0.885411023658518	770	0.273697213470427	0	0	0	-6.75967373354034
"13"	19651855	19652310	0.261296452500046	27	0.0913780226309533	0.796100143485975	49	0.21683820655763	10	10	0	-6.73726335639552
"13"	19652741	63601804	0.407131294026356	29520	0.0794675926495897	0.935869363921361	1905571	0.31275399825186	2	1	1	-6.8348322738169
"13"	63602646	63648712	0.342111822955485	1168	0.0958849495054324	0.976251089121899	3688	0.235807813903179	4	4	0	-6.75184740524835
"13"	63648727	84053905	0.412935763347935	14283	0.0741855172268829	0.938097321864458	892937	0.290698868083847	2	1	1	-6.78661168439247
"13"	84108731	84108998	0.14107286199687	10	0.0369197327545402	0.703391561272391	23	0.119994021590208	20	20	0	-7.16614243614925
"13"	84135026	114487679	0.404926124731409	22880	0.0796756147169228	0.86981960357253	1288592	0.287866021917115	1	1	0	-6.75258045726376
"13"	114487782	114489629	0.0431875621821847	12	0.0969784027815503	0.817832974731796	96	0.221232218038525	20	20	0	-7.67606441770681
"13"	114489665	115109613	0.338029513885941	221	0.129175352361641	0.864864682638042	18490	0.346130075221643	2	2	0	-6.86585920659127
"14"	19000060	20176473	0.306918365948705	1583	0.133193436420234	1.01061546520221	40627	1.01605688448069	6	6	0	-6.76915304706036
"14"	20176539	20704441	0.410903015524162	648	0.0753111718427463	0.965817974372155	22886	0.309894523483521	2	1	1	-6.74102369314624
"14"	20704878	20706190	0.208048919945178	14	0.161944774198212	0.738748795561772	55	0.373441556283705	15	15	0	-6.73836589083032
"14"	20706826	40817493	0.41034720604769	14861	0.0770091015290383	0.989141419236143	876617	0.330302992035	2	1	1	-6.87905514322674
"14"	40818021	40823083	0.165587810144194	9	0.153404512464414	0.840603342812581	131	0.343506003438253	20	20	0	-6.76101151126332
"14"	40823504	94770184	0.40455055642187	36960	0.0807285524491852	0.936269671035425	2336153	0.31872732033004	2	1	1	-6.84592919372627
"14"	94845127	94846422	0.154776323936556	21	0.0756036658219315	0.915961241013916	92	0.286919839235904	20	20	0	-6.77574738867938
"14"	94846443	106029666	0.389714153445661	7404	0.0907295853216313	0.900215829290662	451073	0.346456569650439	1	1	0	-6.77860123999386
"14"	106029906	106229964	0.317735947159346	268	0.127090598699606	0.8623423354917	6412	0.444811022927782	5	5	0	-6.80452665287958
"14"	106230779	106530957	0.388665013120455	384	0.094142522015427	0.856966299227094	11871	0.304516350198702	1	1	0	-6.74561945832335
"14"	106531005	106569607	0.229277749217742	38	0.0926252064842215	0.778570712803505	1464	0.335944257386078	12	12	0	-6.86041028552823
"14"	106569642	106771748	0.392487654549386	318	0.0981367858166993	0.8570407986483	9089	0.27449830969564	1	1	0	-6.7392277153481
"14"	106771818	106810399	0.247991250035325	206	0.140305980367638	0.819524331467321	1518	0.329307049129655	9	9	0	-6.82223203273151
"14"	106810406	106932233	0.364451108815795	164	0.113215266884345	0.840362655766389	5307	0.297089358777333	3	3	0	-6.77243193523031
"14"	106932280	107112360	0.289303333334541	397	0.105182837021434	0.871785413408531	8756	0.288005248911941	6	6	0	-6.9444932999209
"14"	107112471	107283561	0.227872147981345	161	0.110137971419703	0.875078287025328	7861	0.273264719024051	9	9	0	-7.18253374365369
"15"	20000035	20000376	0.21578348791032	14	0.118671307066532	0.437163487195351	58	0.126966702552948	14	14	0	-6.75974599696148
"15"	20000447	20004669	0.304497413818291	92	0.130962277058786	0.957599281622899	702	0.357061256653367	7	7	0	-6.73613904746938
"15"	20005162	20005809	0.230013391854984	30	0.158474208351529	0.532029357766186	255	0.331551931683123	12	12	0	-6.73826376566355
"15"	20005898	20011962	0.391299317409112	170	0.088310186478407	0.984500785828205	1256	0.189399833664884	2	2	0	-6.73316741107723
"15"	20012197	22014797	0.323641484204328	3026	0.120964974229112	0.985760666792936	56032	1.32316188269022	5	5	0	-6.7613561788047
"15"	22018562	22125894	0.266195474649451	118	0.143782464668569	1.0953100408702	2743	2.75304689249704	9	9	0	-6.73415274728982
"15"	22126123	23269905	0.367259511397774	1572	0.101124000145893	0.927509840566728	40697	0.563873982374904	3	3	0	-6.76032879820059
"15"	23269914	23487880	0.26669644013496	76	0.14846191076289	1.05888331354825	3325	1.83247586103104	9	9	0	-6.73776330102417
"15"	23501819	28514280	0.397106902869761	3959	0.0859449835888955	0.887568637033734	210140	0.323537710986014	1	1	0	-6.73820700304863
"15"	28517151	28941904	0.312698085696805	220	0.144654246023013	0.963178453642533	6700	1.43346108949059	6	6	0	-6.74237463568348
"15"	28943129	34690090	0.390827598365519	4234	0.090880681313691	0.900566316775837	212903	0.408195598275795	1	1	0	-6.75505051192798
"15"	34691507	34816503	0.309480933282072	228	0.0897754999402401	0.919001514021338	4894	0.343540780757763	6	6	0	-6.79926596863651
"15"	34816550	45318572	0.398217526005357	6833	0.0853672410138716	0.921676597043124	444109	0.331253910304106	2	1	1	-6.80279116283124
"15"	45318950	45322542	0.257238052371704	112	0.0752723577914917	0.86016331047315	272	0.230651111672638	10	10	0	-6.747546127663
"15"	45322655	47344996	0.403473879611815	1632	0.082770690550778	0.902696285290783	87300	0.306359296338069	1	1	0	-6.74335239639707
"15"	47350490	47373908	0.188023251958914	17	0.160547844252477	0.926704045152281	1149	0.273241743990756	14	14	0	-6.84140062858654
"15"	47374860	78953921	0.399251426312084	22132	0.0829882996594237	0.920363452183732	1349732	0.330298055107508	2	1	1	-6.95217261687512
"15"	78955109	78955305	0.052975649960798	9	0.033294143629173	0.817168587055648	20	0.321805249213018	20	20	0	-10.5749888334373
"15"	78955646	102431252	0.408061055326036	19417	0.0799219798557084	0.98402440172356	984681	0.352808190093865	2	1	1	-6.84129325895062
"15"	102435017	102520703	0.286632916317456	82	0.119083173320254	1.04652115848424	2681	1.94204701778503	8	8	0	-6.73460435712503
"16"	61159	15234465	0.399803269642259	13894	0.0855366334458583	0.975736090217247	600764	0.397250572951963	2	1	1	-6.76221819755293
"16"	15258468	15448138	0.289486969441787	63	0.148984272203664	0.953313931688727	4807	0.648910014472847	7	7	0	-6.76629546917893
"16"	15493046	16252168	0.402825207181484	489	0.08610756707775	1.02645776781572	32569	0.401394383186012	3	2	1	-6.73309799349299
"16"	16252298	16857843	0.282430643404932	155	0.12302984232721	1.00065313235319	12485	0.781893572670646	7	7	0	-6.79363427530234
"16"	16857892	18291497	0.402740026354031	710	0.0878337711940261	0.91633007864186	60463	0.352417993833734	2	1	1	-6.74437100792164
"16"	18291737	18774523	0.325218551744568	185	0.139763632301892	1.00127250984754	8749	0.732277810520313	5	5	0	-6.75115003395796
"16"	18783174	21362021	0.400762644357231	1728	0.0844339580271934	0.958114703971423	109488	0.356976391189226	2	1	1	-6.73347920421934
"16"	21365222	22705486	0.333347034148473	519	0.12215271380983	1.01573161217747	44308	0.575544389627181	4	4	0	-6.76986947295616
"16"	22705722	29349077	0.397004296243538	3701	0.0897556906433382	0.955490727220035	270340	0.368589744506094	2	2	0	-6.73494263528377
"16"	29379057	29637845	0.177333443332112	19	0.187494608109608	1.09373537456005	4955	0.816036897752105	14	14	0	-6.82360813808959
"16"	29644207	32095686	0.370517861986852	560	0.116581061943873	1.04591636057829	93557	0.471602973288232	3	3	0	-6.7353395911437
"16"	32095707	32105127	0.246335098616078	54	0.154401294064089	1.37013108850769	614	8.25658202518472	15	14	1	-6.73304948055813
"16"	32105405	32515630	0.246907727501341	779	0.122120546781923	0.963567736288608	20743	0.819397845124468	10	10	0	-6.82179859990108
"16"	32515749	32562035	0.336474731332882	795	0.0631776042308204	0.920537258390922	3682	0.156974356785785	5	5	0	-6.80344092181917
"16"	32562040	33038848	0.294783726605813	456	0.110989752995065	0.940172834058619	17277	0.681459356919971	6	6	0	-6.80831164923966
"16"	33039008	33042615	0.232710223792835	36	0.115864408301735	1.48278445554549	355	1.63112317877881	12	12	0	-6.73312646673568
"16"	33042673	33412094	0.246883456961574	362	0.138372058326306	1.03735181179884	9536	3.65634187614189	11	11	0	-6.73665123031768
"16"	33412197	33526239	0.319612931826819	673	0.105368993903218	0.938278815394222	6587	0.340561189268526	5	5	0	-6.77781462568188
"16"	33526317	33860471	0.32984985568767	859	0.115545683883751	0.958468833700095	13689	0.430307312613156	5	5	0	-6.78201281524272
"16"	33862949	33905326	0.297457549288391	236	0.120931989064449	0.689197643657659	9171	0.278230478447717	6	6	0	-6.86510009245585
"16"	33905494	33968854	0.313970432571623	1321	0.12744453435714	0.983233369506716	7877	0.470299114937919	6	6	0	-6.74380503324203
"16"	33968946	33969507	0.244728302807947	20	0.0915690564834167	1.69953031782834	187	0.33806130029589	11	11	0	-6.73303385885885
"16"	33969531	33996136	0.343756945963543	806	0.0937890764617842	0.869778328951863	7203	1.06358025086639	10	8	2	-6.73922768883737
"16"	33996244	33996607	0.189058331114316	28	0.0955718516927387	0.623786586839711	177	0.436675926581932	17	17	0	-6.73518230816838
"16"	33996637	34016689	0.343689163566673	710	0.120158026366052	0.895868547924156	4426	0.294460089140697	4	4	0	-6.7446369462133
"16"	34016710	34023120	0.269102404966544	74	0.13734887356376	0.983068764081872	988	0.42458549258992	9	9	0	-6.73670556686288
"16"	34173659	35204141	0.336819864708842	918	0.0995255675841943	0.903346044319883	48252	0.304802756593795	2	2	0	-6.93195937086276
"16"	35208567	35284787	0.198497474479518	349	0.148796032471925	1.34778927004597	9895	1.23265324834253	16	16	0	-6.737993653861
"16"	46386802	46421485	0.325383525529332	244	0.122565481715845	1.06888007097243	19093	0.789040860376007	6	6	0	-6.73702275803106
"16"	46421621	46500443	0.31678191876944	1142	0.11388343430074	0.868235030547705	17274	1.29860567981933	6	6	0	-6.73691080175
"16"	46500472	70890729	0.402759561331696	15604	0.0831410494889051	0.937476390136194	1039669	0.333786271196638	2	1	1	-6.77381680418698
"16"	70898003	71003011	0.177118915798225	22	0.132382178277671	0.92265705985855	3686	0.652407867310017	17	17	0	-6.83873991027721
"16"	71011920	74381693	0.394559156813362	1727	0.0839914136408005	0.906928909526804	142338	0.337282876095211	1	1	0	-6.75615041921014
"16"	74384477	74456537	0.282678687959638	102	0.127625031670862	0.962382939899202	2445	0.526487303530773	8	8	0	-6.75592559719073
"16"	74457956	90158290	0.394930786906542	17245	0.0857129305829208	0.910918384764169	646325	0.352217132394309	1	1	0	-6.83875246826306
"16"	90158352	90293268	0.295319952229356	64	0.139537770637644	1.04092405301877	1289	1.2416244001528	7	7	0	-6.73680967449694
"17"	11837	13685765	0.390182157081548	10485	0.0913758267473295	0.945756514573362	557703	0.37890894794116	2	2	0	-6.73777842673768
"17"	13685775	13686773	0.230002963903195	19	0.127108118089328	0.749223242994566	37	0.434326882475447	12	12	0	-6.73581924139694
"17"	13687311	16020161	0.399316537492247	2398	0.0850662007701888	0.902138236043621	100276	0.327288247916331	1	1	0	-6.74320376135023
"17"	16065212	16113501	0.233423658435677	118	0.142037820169119	1.0068877078451	2432	0.348720311810473	11	11	0	-6.79322798593039
"17"	16149034	21212634	0.370724391067068	2339	0.108804274618708	0.95259492533068	193643	0.423014551662878	2	2	0	-6.7559475715455
"17"	21212662	21221158	0.41290871718269	177	0.0804319776600267	1.08570713609988	580	0.367699727290768	4	2	2	-6.74312986773694
"17"	21221199	22207910	0.332904755305849	3649	0.103781814190026	0.944874325984526	42543	0.537009767299918	4	4	0	-6.81131935550405
"17"	22207975	22262428	0.278669944416787	468	0.138939138352272	1.43165813690048	9813	6.22211446016348	12	11	1	-6.73307600903063
"17"	25263105	25268432	0.323492014691287	150	0.0756117544097589	0.707173991436681	3618	0.178313376099443	6	6	0	-6.77134480629194
"17"	25268457	25289457	0.33156326579625	369	0.0953411660013031	0.970416113829065	2360	0.284367590308632	5	5	0	-6.74005368560047
"17"	25289494	25290426	0.287090755516395	35	0.134775081855199	2.04984796262578	120	1.22148347812196	18	15	3	-6.73318826677205
"17"	25290431	25637343	0.314825611844792	553	0.0997489110604766	0.987777203650625	17961	0.299425589693994	5	5	0	-6.83284627753294
"17"	25640081	39899031	0.39907131279715	8262	0.0869907716766737	0.983681818293478	587392	0.386002870971236	2	1	1	-6.78665276177013
"17"	39899126	81181190	0.398142927791416	21792	0.0894129666855258	0.990908895194201	1684985	0.406052510833324	2	1	1	-6.9412346273814
"18"	10659	130168	0.356554091712251	308	0.122443883561409	0.872443940440146	8225	0.584401195991556	4	4	0	-6.74498286668598
"18"	131139	12087767	0.407236135926377	9908	0.0790666990100029	0.9001674925008	516863	0.306419670985146	1	1	0	-6.78370026612592
"18"	12088000	12088828	0.124405929053196	19	0.0917443371103245	0.680585973252237	68	0.323878152591488	20	20	0	-6.9037096866089
"18"	12089144	14152987	0.396632725825718	1390	0.0873580401130163	0.909348115914298	86467	0.336920147260019	1	1	0	-6.74855464876824
"18"	14170754	14492799	0.265083717787566	260	0.145393867886946	0.882276569618851	14189	0.32717155718419	5	5	0	-7.02126108605417
"18"	14493367	15410735	0.341565671960415	1849	0.120653392704386	0.92767611821989	46228	0.385327993340594	3	3	0	-6.81926856032553
"18"	18510905	18553838	0.317918324425436	512	0.116203225980696	1.06895617601892	8117	1.01339829351394	6	6	0	-6.7337842039707
"18"	18557933	28848446	0.409104976047386	5675	0.0782333789739756	0.906287214438252	444780	0.296966796735544	1	1	0	-6.80867990881591
"18"	28849770	28851416	0.242411555163533	38	0.0886136306299892	0.895932311317534	124	0.320119462850469	11	11	0	-6.73700059335838
"18"	28853424	33373707	0.405730391985646	1789	0.0794059440812988	0.903987256859728	194767	0.291379605607859	1	1	0	-6.76192930211904
"18"	33374395	33374643	0.0761169849018192	10	0.131943632746041	0.757449529751523	19	0.121946206144277	20	20	0	-7.05260414372684
"18"	33374757	33817336	0.412931461034701	172	0.0824850336106729	0.90804047652099	18909	0.317037287923977	1	1	0	-6.74717030479304
"18"	33817772	33820491	0.169859507679993	16	0.183762244489993	1.01153811301516	81	0.587476002924669	20	20	0	-6.73648393396538
"18"	33820750	40061316	0.407934581316827	3483	0.0786633350302307	0.876268606613722	269648	0.279600857464526	1	1	0	-6.736966939624
"18"	40198984	41126615	0.242678183892455	18	0.199764804518171	0.895134706211657	39937	0.27565044552662	2	2	0	-7.08061798517774
"18"	41129269	58971723	0.404827349126361	11169	0.0810084785333504	0.885464100479851	763351	0.303404342494769	1	1	0	-6.74256219048733
"18"	58973818	58978919	0	9	0	0.86721716101158	229	0.259780677462843	0	0	0	-Inf
"18"	58978921	78015057	0.407856895845828	15023	0.0799356314210925	0.90232903242253	814039	0.298128456957743	1	1	0	-6.83216650491476
"19"	89282	7756899	0.372816942764778	4590	0.10471120864672	1.0538454726377	252424	0.522881451313225	3	3	0	-6.74168105524736
"19"	7756907	7757060	0.0401657993413466	9	0.0546854642478237	0.77768695684373	21	0.0938655066216197	20	20	0	-9.08265670984113
"19"	7757301	7857579	0.397217560253775	167	0.0881778091282239	1.01444052606348	4205	0.418045033249102	3	2	1	-6.73509377708669
"19"	7861495	7862335	0.152897113187172	21	0.0764747701937736	0.935524030594737	58	0.275273105327485	20	20	0	-6.77957408220184
"19"	7862532	20920502	0.385677226017637	8872	0.0970136209631868	1.00438093527052	507619	0.442163529066092	3	3	0	-6.76675158138834
"19"	20934718	20952563	0.101893331749761	9	0.129520697616679	0.933149335798561	792	0.368281221194443	20	20	0	-6.97372067626293
"19"	20952633	21742863	0.402324770239345	602	0.0829951696031533	0.921013803175969	34502	0.33373767125415	2	1	1	-6.7383604501805
"19"	21742913	21772288	0.260268098292386	293	0.103321342553288	0.934508694066766	1692	0.306320300181831	9	9	0	-6.77828662131276
"19"	21772728	23648781	0.392659340510697	1462	0.0917560750654652	0.904310612295797	80502	0.328530486959398	1	1	0	-6.74801034685429
"19"	23648844	23651283	0.263283754857573	18	0.114786189417742	0.614307187317381	147	0.150630198237288	9	9	0	-6.78491041268733
"19"	23652839	24598100	0.409844554465535	844	0.0822474892716557	0.920128041921677	44338	0.327135266634888	2	1	1	-6.7448452126567
"19"	24599829	24629304	0.256136510806111	62	0.151052426451061	0.867128519399611	1682	3.5971832272562	10	10	0	-6.73351176837914
"19"	27731799	27739329	0.237045236348116	269	0.134097825565085	1.65182975977543	4749	2.3852656959629	16	15	1	-6.73307081009635
"19"	27739358	27825868	0.239169496058839	187	0.139492880874318	1.31198406005512	10184	0.761492339455463	11	11	0	-6.73849660058027
"19"	27826509	27827832	0.128849803836534	31	0.102424113004366	0.518185977588412	443	0.291173272890062	20	20	0	-6.86336867565447
"19"	27828850	27863664	0.350669869249669	665	0.0778779606508855	1.03698465785707	3626	0.213674226154318	4	4	0	-6.73691669798662
"19"	27863798	27865109	0.335355101359292	45	0.102220636790516	1.49274549136912	575	0.724875284970314	8	7	1	-6.73307689352136
"19"	27865138	27897067	0.349991957325205	575	0.0689420616566906	1.10321587217394	4131	0.262989278003558	4	4	0	-6.73632559905264
"19"	27897074	27927403	0.137594892155923	53	0.127303860346873	1.00300827327852	2407	0.384380412925278	20	20	0	-6.86507916776086
"19"	27931994	32705738	0.392014940828975	3280	0.0869313066295183	1.0802026737801	210809	0.371346089311207	4	3	1	-6.74671655141649
"19"	32706172	35382399	0.354822085503992	1836	0.102327413769688	1.35126060526204	119092	0.52836279191171	7	6	1	-6.73458560886552
"19"	35383302	36636358	0.344226177517674	821	0.109657183096143	1.46493074106958	53888	0.614108743884725	8	7	1	-6.74042845855322
"19"	36637393	53122977	0.395011345420963	10382	0.0917137826373216	1.07736664291376	664505	0.48236456577388	4	3	1	-6.76399215115934
"19"	53124900	53125135	0.0539819540653917	9	0.0731780553019673	0.752538152805159	23	0.107985963807555	20	20	0	-8.02167715500124
"19"	53125203	53937656	0.402496279915277	855	0.0819892726282468	1.01289620375003	34597	0.402501410731148	3	2	1	-6.73393045171605
"19"	53937719	53938619	0.0864247606728915	9	0.152438056636495	1.19099296284108	53	0.30742782201268	20	20	0	-6.92297991217454
"19"	53938707	54558412	0.39696011893265	706	0.0874794331747625	1.08375247985635	25893	0.460289878877028	4	3	1	-6.73386267828959
"19"	54558592	55447612	0.369925933179505	839	0.0989963360924241	1.3215749859114	35279	0.585797606106356	6	5	1	-6.73686691836416
"19"	55447840	59117998	0.334084642364366	3146	0.106335897561336	1.44677222621541	160290	0.630065597831048	8	7	1	-6.73627916216333
"20"	61098	25836528	0.40213444038105	19659	0.0837961552913235	0.892871510842636	1107092	0.310717584716074	1	1	0	-6.77873304322304
"20"	25836558	26060256	0.291535518821618	959	0.126218911941451	0.947664224256314	10136	0.982811964068577	7	7	0	-6.75169574951725
"20"	26060271	26069942	0.33108143555905	29	0.113480939568371	1.64685334376211	130	1.44050450572282	14	11	3	-6.7333502829575
"20"	26069961	26319535	0.322011858156306	2182	0.127360060392475	1.24217436229832	21351	1.49522076351533	6	6	0	-6.73413314081843
"20"	29419666	29517592	0.313018877602989	1214	0.108490844180087	0.975719884384296	6802	0.299191943121922	6	6	0	-6.77616480089916
"20"	29517751	29536780	0.248515132607779	43	0.124930594241883	0.868061660886278	854	0.429419744648633	10	10	0	-6.75696864539034
"20"	29537017	29653843	0.329346608713028	1723	0.119013850511142	0.975797832239033	11290	0.409174220740245	5	5	0	-6.75002545917453
"20"	29804485	29832919	0.213784909201967	83	0.137883302730632	0.688457789556712	3612	0.201923549270679	10	10	0	-7.05996311321608
"20"	29841140	37082145	0.392956613695545	2662	0.0913409989420115	1.04178289283663	302659	0.407543638399441	3	2	1	-6.74235871812117
"20"	37092220	37092722	0.27734002872538	27	0.13099254018472	0.515294855004013	78	0.155319101561989	8	8	0	-6.74713164316563
"20"	37092777	52437920	0.396643458557638	10203	0.0867574013403497	1.00268756598444	664366	0.372554903876828	3	2	1	-6.78493267555203
"20"	52475529	52478465	0.319614306358574	88	0.0818772432828995	0.974504640216548	215	0.221041163982514	6	6	0	-6.73622525580287
"20"	52478498	52529227	0.261990862446993	119	0.0821383338177306	1.14145842592768	2342	0.403560615843909	9	9	0	-6.75123093483444
"20"	52530103	62965185	0.391045635478037	6785	0.0938710058017756	0.988353912826617	422272	0.379425813297969	2	2	0	-6.78640804679882
"21"	9411410	9435028	0.359427440209986	190	0.102415108599792	1.06405711327113	1213	2.43085090065554	12	9	3	-6.73360498175716
"21"	9435212	9978119	0.310452005119424	1297	0.133511285611332	1.00501176061658	13394	1.68158627942477	6	6	0	-6.74015914248047
"21"	9980383	10026768	0.247172901590422	65	0.146799829372674	1.34681788523808	688	2.85137999306753	11	11	0	-6.73331821640115
"21"	10026826	10763208	0.349418749555321	2531	0.100229009789298	0.899739096025091	37376	0.994213858603284	4	4	0	-6.75408377025665
"21"	10763229	10773553	0.308862317131362	231	0.123009487789372	0.957768650818558	2181	0.364380376405903	6	6	0	-6.73888960344603
"21"	10773597	10796259	0.282778220622488	269	0.0857293007737286	0.643307771682119	5986	0.138421005876324	7	7	0	-7.1123393855813
"21"	10796274	10797765	0.416796571455957	80	0.0714085012490314	0.672212842871322	305	0.0984526863499694	0	0	0	-6.75903231436929
"21"	10797811	10862874	0.340972921467622	486	0.0892542227962509	0.710654769313813	11609	0.179354126330296	4	4	0	-6.97730913096399
"21"	10862947	11188127	0.346655147058597	1909	0.103334858805308	0.967325358363266	21949	0.596180637039253	4	4	0	-6.74698668093029
"21"	14338213	14447430	0.327066747358262	805	0.10991984542118	0.965762758864901	9910	0.344092405480445	5	5	0	-6.75910375051331
"21"	14450285	14525499	0.251657890512386	128	0.156984147727709	0.900820788539714	3082	0.920070787490884	10	10	0	-6.74984016743151
"21"	14525519	15345081	0.364270064347728	823	0.116463394549604	0.934686058249411	25701	0.410069431608651	3	3	0	-6.76579018411918
"21"	15345609	15359651	0.249955744675511	50	0.135969858604691	0.942848380601427	554	0.487545999432727	10	10	0	-6.74354829253723
"21"	15359680	19736582	0.407748535447655	3473	0.0774981719914185	0.945619041015101	191477	0.296468428199325	2	1	1	-6.73824662660636
"21"	19751030	19777068	0.096697941899115	9	0.172473508432777	0.935800687586283	1124	0.267780489829613	20	20	0	-7.02385764972841
"21"	19788068	33804089	0.410512755206552	12030	0.0760878776221688	0.943029392540412	615577	0.298295026400823	2	1	1	-6.75279732967963
"21"	33805254	33808547	0.206283344083017	33	0.119646290575533	1.07267537858365	212	0.54335170132793	15	15	0	-6.73541227096213
"21"	33811629	37365340	0.406658638382288	2496	0.0794807981052755	0.958721592857252	154402	0.335464944506949	2	1	1	-6.73511804160871
"21"	37365363	37367387	0.145407400973087	9	0.164217081937294	0.59919298862897	94	0.159692174501813	20	20	0	-6.83634424804337
"21"	37369811	44755835	0.403722750093375	6626	0.0812907464239845	0.954466190872699	312199	0.346636515064703	2	1	1	-6.73317474898066
"21"	44755934	44757278	0.0709490770315461	19	0.069937566142201	1.20147745075742	224	0.358283352588859	20	20	0	-7.7993792049646
"21"	44757320	48112720	0.387579465428565	2734	0.0974636101136434	0.992646543467832	126062	0.411923876767967	2	2	0	-6.75272578413205
"22"	16050822	16852756	0.294635405329316	511	0.136975652567951	0.917190800235216	16806	1.22280951023947	7	7	0	-6.77891498972006
"22"	16852820	17393020	0.327693121661165	2013	0.128781046396027	0.902285745152163	23491	0.336005434459364	3	3	0	-6.86296515034925
"22"	17393239	18552662	0.388085411908301	1080	0.0975732101678728	0.947115126880341	48439	0.386628067409791	2	2	0	-6.73425724794166
"22"	18554486	18886573	0.24989389081056	261	0.146743046786332	1.68244041997765	8777	14.8015520065344	19	17	2	-6.73345136194609
"22"	18896167	19919233	0.389604129637746	590	0.0945073679069652	0.94606848435981	39283	0.396374558691632	2	2	0	-6.7337036910432
"22"	19923331	19923601	0.0290359718245071	9	0.0480688164105495	0.903516031503277	26	0.301457689338883	20	20	0	-9.815970991282
"22"	19926897	21520390	0.361952228628414	675	0.111426200145701	0.98074222740895	44790	0.718264392882245	3	3	0	-6.74569700627034
"22"	21520395	21521870	0.13661224553387	23	0.148332377015762	2.24955117268026	112	5.2064303574372	20	20	0	-6.76884577773638
"22"	21521923	21643961	0.286704618036064	94	0.135097035040327	0.931044041365342	1835	0.981637898655746	8	8	0	-6.74647553532982
"22"	21644051	21736174	0.133709176608458	30	0.156951493348639	5.17089229085867	767	5.83396421166956	20	20	0	-6.77135854732473
"22"	21798341	22597330	0.385199417881843	512	0.097650535791725	0.962132103662137	29054	0.394480777754261	2	2	0	-6.73615571975269
"22"	22597596	22730620	0.256467374163093	348	0.114519929973744	0.897245891038817	6322	0.343450447217468	8	8	0	-6.90297768833394
"22"	22730634	51241601	0.386416412559366	18810	0.0951951468810176	0.93425474160382	1149690	0.375462524294847	2	2	0	-6.78875637265466
"X"	61210	533800	0.358469109011528	769	0.114672021825453	0.998897161603348	12776	0.559572322073344	4	4	0	-6.74307240918905
"X"	533934	534536	0.125927577418499	10	0.139864577359673	0.174563157647955	33	0.0923028611789374	20	20	0	-7.07194983943241
"X"	534588	831032	0.368156367822065	405	0.103135059313511	0.962551789730092	12438	0.430902045046262	3	3	0	-6.74007332209102
"X"	831042	866739	0.194667500888397	41	0.107180313081252	0.978883060907003	1527	0.431561428976557	16	16	0	-6.79396930438931
"X"	866845	929421	0.398215217853099	122	0.101432379635555	0.937647821321588	2671	0.438187275256652	2	1	1	-6.73414593667684
"X"	929489	997971	0.300580720001406	580	0.109788984599097	1.03551474941729	3834	0.428434943735406	7	7	0	-6.74758430407559
"X"	1000738	3195644	0.387899000725737	2345	0.0984495484593042	1.02884207501114	76092	0.45540199318631	3	3	0	-6.74344412691129
"X"	3195659	9381255	0.269597248267414	124	0.144183863953998	0.965585428360079	216893	0.413463895449574	3	3	0	-7.1278915163145
"X"	9381594	30808356	0.0849570605309646	147	0.116184421393254	0.980849338574176	767395	0.420755042053525	3	3	0	-9.33246834167345
"X"	30811579	30813952	0.392642999695589	11	0.140038436282199	0.733591791376416	82	0.441604950606172	2	2	0	-6.73354673763938
"X"	30819987	48991935	0.118548827559187	124	0.140864951982702	0.982181904748811	631791	0.424345015486412	3	3	0	-8.39468042441692
"X"	48996377	54455602	0.349749708294287	407	0.127474055455977	0.962478106182714	149832	0.482184033828842	2	2	0	-6.79930200664626
"X"	54615233	58476641	0.0511369156784478	98	0.0788798158745886	0.960671421270802	139130	0.402564987322615	5	5	0	-11.1357351463552
"X"	58476856	58566309	0.207266356683632	222	0.142158361682232	1.03460444399165	7055	0.719132456152715	14	14	0	-6.77099803803508
"X"	61682064	61843140	0.239887427908481	1110	0.147715595231892	1.12362469260661	21068	1.16165480140694	11	11	0	-6.74396086619654
"X"	61843267	154871065	0.154717134411752	1457	0.15017036285887	1.01324588762324	3304841	0.43389764814391	3	3	0	-7.88988371668596
"X"	154933612	155259503	0.402551837226805	344	0.089885616314695	0.963477233087523	13807	0.346502717641806	2	1	1	-6.73318271061448
